-------------------------------------------------------------
----------------------- !PROPERTIES! ------------------------
-------------------------------------------------------------
# -----------------------------------------------------------
$ SCF_Energy
   description: The SCF energy
   geom. index: 1
   prop. index: 1
        SCF Energy:    -1468.4328091823
# -----------------------------------------------------------
$ DFT_Energy
   description: The DFT energy
   geom. index: 1
   prop. index: 1
   Number of Alpha Electrons                109.0000373713 
   Number of Beta  Electrons                107.9999573248 
   Total number of  Electrons               216.9999946961 
   Exchange energy                         -140.3441780696 
   Correlation energy                         0.0000000000 
   Correlation energy NL                      0.8175143963 
   Exchange-Correlation energy             -139.5266636733 
   Embedding correction                       0.0000000000 
   Total DFT Energy (No VdW correction)   -1468.4328091823 
# -----------------------------------------------------------
$ Solvation_Details
   description: Details concerning solvation
   geom. index: 1
   prop. index: 1
     Epsilon:                7.0000000000
     Refrac:                 1.8534100000
     RSolv:                  1.3000000000
     Surface Type:                      2
     Number of Points:               2695
     Surface Area:        1678.2087100960
     Dielectric Energy:     -0.0418056975
# -----------------------------------------------------------
$ Mayer_Pop
   description: The Mayer population analysis
   geom. index: 1
   prop. index: 1
     Number of atoms                     : 50
     Threshold for printing              : 0.1000000
     Number of bond orders printed       : 51
  NA   - Mulliken gross atomic population
  ZA   - Total nuclear charge
  QA   - Mulliken gross atomic charge
  VA   - Mayer's total valence
  BVA  - Mayer's bonded valence
  FA   - Mayer's free valence
  ATOM       NA         ZA         QA         VA         BVA        FA
  0   0     6.2053     6.0000    -0.2053     3.7945     3.7945     0.0000
  1   0     0.7298     1.0000     0.2702     0.9363     0.9363     0.0000
  2   0     6.3071     6.0000    -0.3071     3.7878     3.7878     0.0000
  3   0     0.7581     1.0000     0.2419     0.9430     0.9430     0.0000
  4   0     5.6606     6.0000     0.3394     3.9409     3.9409     0.0000
  5   0     8.3193     8.0000    -0.3193     2.1730     2.1730     0.0000
  6   0     5.9150     6.0000     0.0850     3.9741     3.9741     0.0000
  7   0     6.2456     6.0000    -0.2456     3.9263     3.9263     0.0000
  8   0     5.9173     6.0000     0.0827     3.6202     3.6202     0.0000
  9   0     6.2311     6.0000    -0.2311     3.7862     3.7862     0.0000
 10   0     0.7403     1.0000     0.2597     0.9095     0.9095     0.0000
 11   0     5.8105     6.0000     0.1895     3.9492     3.9492     0.0000
 12   0     0.9999     1.0000     0.0001     1.0016     0.0049     0.9967
 13   0     5.7703     6.0000     0.2297     3.8196     3.8196     0.0000
 14   0     0.7336     1.0000     0.2664     0.9037     0.9037     0.0000
 15   0     8.5669     8.0000    -0.5669     1.9447     1.9447     0.0000
 16   0     0.5464     1.0000     0.4536     0.7820     0.7820     0.0000
 17   0     8.3509     8.0000    -0.3509     2.0390     2.0390     0.0000
 18   0     6.4820     6.0000    -0.4820     3.6522     3.6522     0.0000
 19   0     0.7727     1.0000     0.2273     0.9194     0.9194     0.0000
 20   0     0.7586     1.0000     0.2414     0.9154     0.9154     0.0000
 21   0     0.7623     1.0000     0.2377     0.9097     0.9097     0.0000
 22   0     6.2100     6.0000    -0.2100     3.8349     3.8349     0.0000
 23   0     0.7344     1.0000     0.2656     0.9286     0.9286     0.0000
 24   0     6.3378     6.0000    -0.3378     3.8243     3.8243     0.0000
 25   0     0.7573     1.0000     0.2427     0.9310     0.9310    -0.0000
 26   0     5.6546     6.0000     0.3454     3.9258     3.9258     0.0000
 27   0     8.3291     8.0000    -0.3291     2.1691     2.1691     0.0000
 28   0     6.0104     6.0000    -0.0104     3.9604     3.9604     0.0000
 29   0     6.2262     6.0000    -0.2262     3.8963     3.8963     0.0000
 30   0     6.2213     6.0000    -0.2213     3.8575     3.8575     0.0000
 31   0     6.2690     6.0000    -0.2690     3.8043     3.8043     0.0000
 32   0     0.7513     1.0000     0.2487     0.9135     0.9135     0.0000
 33   0     5.8644     6.0000     0.1356     3.9359     3.9359     0.0000
 34   0     0.7513     1.0000     0.2487     0.9215     0.9215     0.0000
 35   0     5.7701     6.0000     0.2299     3.7980     3.7980    -0.0000
 36   0     0.7444     1.0000     0.2556     0.9083     0.9083     0.0000
 37   0     8.5721     8.0000    -0.5721     1.9367     1.9367    -0.0000
 38   0     0.5531     1.0000     0.4469     0.7878     0.7878    -0.0000
 39   0     8.3575     8.0000    -0.3575     2.0268     2.0268    -0.0000
 40   0     6.4763     6.0000    -0.4763     3.6819     3.6819     0.0000
 41   0     0.7832     1.0000     0.2168     0.9110     0.9110     0.0000
 42   0     0.7668     1.0000     0.2332     0.9171     0.9171    -0.0000
 43   0     0.7704     1.0000     0.2296     0.9117     0.9117     0.0000
 44   0     6.7576     6.0000    -0.7576     3.5367     3.5367     0.0000
 45   0     0.6972     1.0000     0.3028     0.8914     0.8914     0.0000
 46   0     0.6972     1.0000     0.3028     0.8904     0.8904     0.0000
 47   0     8.2557     8.0000    -0.2557     1.8674     1.8674     0.0000
 48   0     8.2523     8.0000    -0.2523     1.8701     1.8701     0.0000
 49   0     6.8452     7.0000     0.1548     3.8993     3.8993     0.0000
      Bond orders larger than 0.1000000
           Atom A     A.N. of A          Atom B    A.N. of B              Bond order
                0             6               1            1                0.860278
                0             6               2            6                1.750455
                0             6               6            6                1.107447
                2             6               3            1                0.900922
                2             6               4            6                1.083669
                4             6               5            8                1.999913
                4             6              44            6                0.880067
                6             6               7            6                1.418239
                6             6               8            6                1.346318
                7             6               9            6                1.449226
                7             6              10            1                0.910112
                8             6              11            6                1.408226
                8             6              49            7                0.747781
                9             6              13            6                1.348805
                9             6              14            1                0.903532
               11             6              13            6                1.302882
               11             6              17            8                1.135445
               13             6              15            8                1.094402
               15             8              16            1                0.765964
               17             8              18            6                0.901194
               18             6              19            1                0.909609
               18             6              20            1                0.932293
               18             6              21            1                0.908488
               22             6              23            1                0.870433
               22             6              24            6                1.758369
               22             6              28            6                1.120719
               24             6              25            1                0.900542
               24             6              26            6                1.090283
               26             6              27            8                1.987553
               26             6              44            6                0.870306
               28             6              29            6                1.411221
               28             6              30            6                1.342250
               29             6              31            6                1.439570
               29             6              32            1                0.918631
               30             6              33            6                1.512740
               30             6              34            1                0.901133
               31             6              35            6                1.350785
               31             6              36            1                0.907673
               33             6              35            6                1.290398
               33             6              39            8                1.050848
               35             6              37            8                1.084260
               37             8              38            1                0.771682
               39             8              40            6                0.926245
               40             6              41            1                0.917716
               40             6              42            1                0.934558
               40             6              43            1                0.908674
               44             6              45            1                0.903579
               44             6              46            1                0.904224
               47             8              48            8                0.248480
               47             8              49            7                1.539112
               48             8              49            7                1.576223
# -----------------------------------------------------------
$ SCF_Energy
   description: The SCF energy
   geom. index: 2
   prop. index: 1
        SCF Energy:    -1468.4328095678
# -----------------------------------------------------------
$ DFT_Energy
   description: The DFT energy
   geom. index: 2
   prop. index: 1
   Number of Alpha Electrons                109.0000374253 
   Number of Beta  Electrons                107.9999569207 
   Total number of  Electrons               216.9999943459 
   Exchange energy                         -140.3443052798 
   Correlation energy                         0.0000000000 
   Correlation energy NL                      0.8175157612 
   Exchange-Correlation energy             -139.5267895186 
   Embedding correction                       0.0000000000 
   Total DFT Energy (No VdW correction)   -1468.4328095678 
# -----------------------------------------------------------
$ Solvation_Details
   description: Details concerning solvation
   geom. index: 2
   prop. index: 1
     Epsilon:                7.0000000000
     Refrac:                 1.8534100000
     RSolv:                  1.3000000000
     Surface Type:                      2
     Number of Points:               2695
     Surface Area:        1678.1824167915
     Dielectric Energy:     -0.0418065155
# -----------------------------------------------------------
$ Mayer_Pop
   description: The Mayer population analysis
   geom. index: 2
   prop. index: 1
     Number of atoms                     : 50
     Threshold for printing              : 0.1000000
     Number of bond orders printed       : 51
  NA   - Mulliken gross atomic population
  ZA   - Total nuclear charge
  QA   - Mulliken gross atomic charge
  VA   - Mayer's total valence
  BVA  - Mayer's bonded valence
  FA   - Mayer's free valence
  ATOM       NA         ZA         QA         VA         BVA        FA
  0   0     6.2052     6.0000    -0.2052     3.7946     3.7946     0.0000
  1   0     0.7298     1.0000     0.2702     0.9363     0.9363     0.0000
  2   0     6.3071     6.0000    -0.3071     3.7879     3.7879     0.0000
  3   0     0.7581     1.0000     0.2419     0.9430     0.9430     0.0000
  4   0     5.6606     6.0000     0.3394     3.9408     3.9408     0.0000
  5   0     8.3194     8.0000    -0.3194     2.1730     2.1730     0.0000
  6   0     5.9150     6.0000     0.0850     3.9741     3.9741     0.0000
  7   0     6.2456     6.0000    -0.2456     3.9263     3.9263     0.0000
  8   0     5.9173     6.0000     0.0827     3.6203     3.6203     0.0000
  9   0     6.2312     6.0000    -0.2312     3.7862     3.7862     0.0000
 10   0     0.7403     1.0000     0.2597     0.9095     0.9095     0.0000
 11   0     5.8105     6.0000     0.1895     3.9492     3.9492     0.0000
 12   0     0.9999     1.0000     0.0001     1.0016     0.0049     0.9967
 13   0     5.7703     6.0000     0.2297     3.8197     3.8197     0.0000
 14   0     0.7336     1.0000     0.2664     0.9037     0.9037     0.0000
 15   0     8.5668     8.0000    -0.5668     1.9447     1.9447     0.0000
 16   0     0.5464     1.0000     0.4536     0.7820     0.7820     0.0000
 17   0     8.3509     8.0000    -0.3509     2.0390     2.0390     0.0000
 18   0     6.4820     6.0000    -0.4820     3.6522     3.6522     0.0000
 19   0     0.7727     1.0000     0.2273     0.9194     0.9194     0.0000
 20   0     0.7587     1.0000     0.2413     0.9154     0.9154     0.0000
 21   0     0.7623     1.0000     0.2377     0.9097     0.9097     0.0000
 22   0     6.2100     6.0000    -0.2100     3.8349     3.8349     0.0000
 23   0     0.7344     1.0000     0.2656     0.9286     0.9286     0.0000
 24   0     6.3378     6.0000    -0.3378     3.8244     3.8244     0.0000
 25   0     0.7573     1.0000     0.2427     0.9310     0.9310     0.0000
 26   0     5.6546     6.0000     0.3454     3.9257     3.9257     0.0000
 27   0     8.3291     8.0000    -0.3291     2.1691     2.1691     0.0000
 28   0     6.0104     6.0000    -0.0104     3.9604     3.9604     0.0000
 29   0     6.2262     6.0000    -0.2262     3.8963     3.8963    -0.0000
 30   0     6.2213     6.0000    -0.2213     3.8575     3.8575    -0.0000
 31   0     6.2690     6.0000    -0.2690     3.8043     3.8043     0.0000
 32   0     0.7513     1.0000     0.2487     0.9135     0.9135    -0.0000
 33   0     5.8644     6.0000     0.1356     3.9359     3.9359    -0.0000
 34   0     0.7513     1.0000     0.2487     0.9215     0.9215    -0.0000
 35   0     5.7701     6.0000     0.2299     3.7980     3.7980     0.0000
 36   0     0.7445     1.0000     0.2555     0.9083     0.9083    -0.0000
 37   0     8.5721     8.0000    -0.5721     1.9367     1.9367    -0.0000
 38   0     0.5531     1.0000     0.4469     0.7878     0.7878    -0.0000
 39   0     8.3575     8.0000    -0.3575     2.0268     2.0268     0.0000
 40   0     6.4763     6.0000    -0.4763     3.6819     3.6819    -0.0000
 41   0     0.7832     1.0000     0.2168     0.9110     0.9110    -0.0000
 42   0     0.7668     1.0000     0.2332     0.9172     0.9172     0.0000
 43   0     0.7704     1.0000     0.2296     0.9117     0.9117    -0.0000
 44   0     6.7577     6.0000    -0.7577     3.5366     3.5366     0.0000
 45   0     0.6972     1.0000     0.3028     0.8914     0.8914     0.0000
 46   0     0.6972     1.0000     0.3028     0.8904     0.8904     0.0000
 47   0     8.2557     8.0000    -0.2557     1.8674     1.8674     0.0000
 48   0     8.2523     8.0000    -0.2523     1.8701     1.8701     0.0000
 49   0     6.8452     7.0000     0.1548     3.8993     3.8993     0.0000
      Bond orders larger than 0.1000000
           Atom A     A.N. of A          Atom B    A.N. of B              Bond order
                0             6               1            1                0.860325
                0             6               2            6                1.750467
                0             6               6            6                1.107423
                2             6               3            1                0.900920
                2             6               4            6                1.083720
                4             6               5            8                1.999855
                4             6              44            6                0.880026
                6             6               7            6                1.418253
                6             6               8            6                1.346306
                7             6               9            6                1.449222
                7             6              10            1                0.910114
                8             6              11            6                1.408273
                8             6              49            7                0.747812
                9             6              13            6                1.348816
                9             6              14            1                0.903531
               11             6              13            6                1.302865
               11             6              17            8                1.135404
               13             6              15            8                1.094427
               15             8              16            1                0.765962
               17             8              18            6                0.901215
               18             6              19            1                0.909610
               18             6              20            1                0.932294
               18             6              21            1                0.908486
               22             6              23            1                0.870415
               22             6              24            6                1.758377
               22             6              28            6                1.120677
               24             6              25            1                0.900543
               24             6              26            6                1.090319
               26             6              27            8                1.987588
               26             6              44            6                0.870269
               28             6              29            6                1.411211
               28             6              30            6                1.342265
               29             6              31            6                1.439586
               29             6              32            1                0.918628
               30             6              33            6                1.512721
               30             6              34            1                0.901138
               31             6              35            6                1.350789
               31             6              36            1                0.907669
               33             6              35            6                1.290412
               33             6              39            8                1.050828
               35             6              37            8                1.084213
               37             8              38            1                0.771689
               39             8              40            6                0.926235
               40             6              41            1                0.917720
               40             6              42            1                0.934561
               40             6              43            1                0.908665
               44             6              45            1                0.903589
               44             6              46            1                0.904248
               47             8              48            8                0.248481
               47             8              49            7                1.539129
               48             8              49            7                1.576225
# -----------------------------------------------------------
$ SCF_Electric_Properties
   description: The SCF Calculated Electric Properties
   geom. index: 2
   prop. index: 1
       Filename                          : CURCUMIN-OPT-FREQ-Prod-1-wB97XM-V-6-311G-D-363.scfp 
       Do Dipole Moment Calculation      : true 
       Do Quadrupole Moment Calculation  : false 
       Do Polarizability Calculation     : false 
** Dipole moment part of electric properties **
        Magnitude of dipole moment (Debye) :        6.1060744691
        Electronic Contribution:
                  0    
      0       6.861393
      1      -2.317675
      2      -3.988919
        Nuclear Contribution:
                  0    
      0      -6.017095
      1       3.986062
      2       5.497072
        Total Dipole moment:
                  0    
      0       0.844298
      1       1.668387
      2       1.508153
# -----------------------------------------------------------
$ SCF_Energy
   description: The SCF energy
   geom. index: 3
   prop. index: 1
        SCF Energy:    -1468.4328095429
# -----------------------------------------------------------
$ DFT_Energy
   description: The DFT energy
   geom. index: 3
   prop. index: 1
   Number of Alpha Electrons                109.0000374253 
   Number of Beta  Electrons                107.9999569208 
   Total number of  Electrons               216.9999943461 
   Exchange energy                         -140.3443060127 
   Correlation energy                         0.0000000000 
   Correlation energy NL                      0.8175157648 
   Exchange-Correlation energy             -139.5267902479 
   Embedding correction                       0.0000000000 
   Total DFT Energy (No VdW correction)   -1468.4328095429 
# -----------------------------------------------------------
$ Solvation_Details
   description: Details concerning solvation
   geom. index: 3
   prop. index: 1
     Epsilon:                7.0000000000
     Refrac:                 1.8534100000
     RSolv:                  1.3000000000
     Surface Type:                      2
     Number of Points:               2695
     Surface Area:        1678.1824167915
     Dielectric Energy:     -0.0418065302
# -----------------------------------------------------------
$ THERMOCHEMISTRY_Energies
   description: The Thermochemistry energies
   geom. index: 3
   prop. index: 1
        Temperature (Kelvin)           :        363.1500000000
        Pressure (atm)                 :          1.0000000000
        Total Mass (AMU)               :        414.3900000000
        Spin Degeneracy                :          2.0000000000
        Electronic Energy (Hartree)    :      -1468.4328095429
        Translational Energy (Hartree) :          0.0017250343
        Rotational Energy (Hartree)    :          0.0017250343
        Vibrational Energy (Hartree)   :          0.0389973797
        Number of frequencies          :     150      
        Scaling Factor for frequencies :          1.0000000000
        Vibrational frequencies        :     
                  0    
      0       0.000000
      1       0.000000
      2       0.000000
      3       0.000000
      4       0.000000
      5       0.000000
      6      -8.656262
      7      12.791831
      8      22.236642
      9      26.791937
     10      40.580880
     11      43.799560
     12      53.862719
     13      61.648360
     14      72.028663
     15      80.750697
     16      84.472729
     17      90.245258
     18      91.308338
     19     109.736573
     20     119.774258
     21     132.578984
     22     139.597687
     23     149.107045
     24     160.689300
     25     161.465497
     26     173.435628
     27     185.075982
     28     187.579878
     29     198.646241
     30     225.578498
     31     232.942487
     32     251.754911
     33     272.870170
     34     298.136742
     35     304.846615
     36     316.314865
     37     324.161661
     38     340.645460
     39     388.944977
     40     398.359087
     41     399.572346
     42     408.428731
     43     411.206139
     44     431.647449
     45     458.930741
     46     466.450704
     47     469.545119
     48     484.235877
     49     503.098432
     50     536.237463
     51     563.700962
     52     574.717635
     53     576.724770
     54     595.166348
     55     610.400542
     56     619.234579
     57     632.231408
     58     659.070601
     59     683.227919
     60     725.151003
     61     735.557813
     62     750.432286
     63     764.781027
     64     769.558891
     65     786.835063
     66     820.028452
     67     825.410285
     68     833.535093
     69     838.896435
     70     859.204784
     71     879.810121
     72     898.600554
     73     922.896906
     74     942.921358
     75     956.105462
     76     958.412920
     77     963.586344
     78     972.564458
     79     993.190247
     80     1019.174473
     81     1032.206924
     82     1033.324409
     83     1059.681213
     84     1098.999231
     85     1138.196995
     86     1145.419039
     87     1177.676706
     88     1179.048650
     89     1186.040255
     90     1188.663672
     91     1192.478689
     92     1205.152939
     93     1217.499723
     94     1221.558514
     95     1233.836005
     96     1253.034258
     97     1273.101658
     98     1290.994728
     99     1294.984779
    100     1302.713718
    101     1311.925828
    102     1322.464436
    103     1325.716150
    104     1338.231254
    105     1346.702594
    106     1364.994845
    107     1370.272305
    108     1379.730796
    109     1385.588612
    110     1467.740335
    111     1468.697210
    112     1480.326687
    113     1484.216597
    114     1485.888271
    115     1487.287800
    116     1495.881069
    117     1497.071099
    118     1501.604938
    119     1511.312900
    120     1558.411083
    121     1563.501280
    122     1653.032118
    123     1664.544279
    124     1666.007684
    125     1678.862916
    126     1684.748540
    127     1713.675852
    128     1725.590935
    129     1743.703226
    130     1770.362129
    131     3043.835000
    132     3064.218651
    133     3102.559154
    134     3118.536232
    135     3144.282083
    136     3159.132553
    137     3163.255273
    138     3177.864618
    139     3180.602849
    140     3181.527166
    141     3185.439426
    142     3188.391261
    143     3192.734011
    144     3197.703222
    145     3199.641617
    146     3206.176506
    147     3209.835947
    148     3802.785269
    149     3805.289332
        Zero Point Energy (Hartree)    :          0.3748719320
        Inner Energy (Hartree)         :      -1468.0154901627
        Enthalpy (Hartree)             :      -1468.0143401056
        Electronic entropy             :          0.0007971351
        Rotational entropy             :          0.0218878278
        Vibrational entropy            :          0.0723087205
        Translational entropy          :          0.0218878278
        Entropy                        :          0.1209984550
        Gibbs Energy (Hartree)         :      -1468.1353385607
        Is Linear                      :                 false
# -------------------------------------------------------------
----------------------- !GEOMETRIES! ------------------------
# -------------------------------------------------------------
------------------------ !GEOMETRY! -------------------------
    Number of atoms:    50 
    Geometry Index:     1 
    Coordinates:
               0 C      2.133284568884    1.033765161497    0.974424918526
               1 H      1.732021868527    2.043476118570    0.994934453125
               2 C      1.444742163440    0.046898724717    1.560413049544
               3 H      1.801912107986   -0.977338061740    1.608778478525
               4 C      0.133955774201    0.239827177971    2.215695261719
               5 O     -0.447452294278   -0.714015417149    2.698764695752
               6 C      3.436973305792    0.927970070174    0.303069754842
               7 C      4.267346890783    2.050073741497    0.279695456382
               8 C      3.949397704169   -0.223377999846   -0.302316763031
               9 C      5.531153793553    2.016447493415   -0.293674757226
              10 H      3.913917189164    2.970438503624    0.731964972116
              11 C      5.196488849558   -0.293546798193   -0.897310705837
              12 H      4.914922211574   -0.881053966393    3.406543245481
              13 C      6.006735871438    0.852109373972   -0.886566481507
              14 H      6.153537565625    2.906027041310   -0.295472218443
              15 O      7.209904134364    0.746963839000   -1.491821043541
              16 H      7.686246677513    1.584501077628   -1.438163905093
              17 O      5.576324004892   -1.433485096162   -1.538242013846
              18 C      6.571630458818   -2.193465571144   -0.827075303420
              19 H      6.187125606320   -2.485587554405    0.151934499310
              20 H      6.758393617469   -3.078520628324   -1.430817765383
              21 H      7.490374312978   -1.615682300612   -0.719281561289
              22 C     -2.979056534407    0.594376699715    1.025111183627
              23 H     -2.621571813798    0.201779062476    1.974105141648
              24 C     -2.267237247766    1.549461323273    0.406892113637
              25 H     -2.567831325653    1.965402054296   -0.550557120240
              26 C     -1.015327893924    2.113962736811    0.931287436981
              27 O     -0.403509705068    2.956210606392    0.296169454966
              28 C     -4.217690066559   -0.019160181827    0.541353835617
              29 C     -4.814373500133   -1.024416987459    1.304624980509
              30 C     -4.837563922943    0.360246141002   -0.659184778016
              31 C     -5.986015875125   -1.643194547441    0.885757045998
              32 H     -4.353182309988   -1.333551495857    2.237407051911
              33 C     -5.999433604393   -0.249447257288   -1.086127432814
              34 H     -4.419906495871    1.134923999004   -1.293613810989
              35 C     -6.585347010842   -1.266280747823   -0.310988935416
              36 H     -6.437564384420   -2.429359238628    1.484151783547
              37 O     -7.717972456486   -1.834755063561   -0.792528116135
              38 H     -8.031235895842   -2.514612055647   -0.183963812297
              39 O     -6.558638187781    0.112115567197   -2.286674112177
              40 C     -7.741986734307    0.906646784125   -2.146227066785
              41 H     -7.518136550647    1.831507560390   -1.606334525403
              42 H     -8.074224867970    1.144463880881   -3.155050586993
              43 H     -8.525154313031    0.353959677122   -1.623463841144
              44 C     -0.478386088628    1.635359540073    2.280809438239
              45 H     -1.275847915503    1.602105425466    3.023599825111
              46 H      0.266837519795    2.363082890446    2.604264313755
              47 O      3.490109109803   -2.411332216663    0.253943938054
              48 O      2.171650327185   -1.419875230952   -1.136825394443
              49 N      3.137937361532   -1.450483854931   -0.404825277454
------------------------ !GEOMETRY! -------------------------
    Number of atoms:    50 
    Geometry Index:     2 
    Coordinates:
               0 C      2.133718758195    1.033666098804    0.974159656653
               1 H      1.732493718184    2.043399051749    0.994457029117
               2 C      1.445004580813    0.046768068665    1.559881732447
               3 H      1.802044297974   -0.977496702759    1.608374922126
               4 C      0.133907144575    0.239569424369    2.214441998354
               5 O     -0.447811447680   -0.714360785026    2.697014966403
               6 C      3.437576736340    0.927864730034    0.303150785814
               7 C      4.267923389635    2.049972389225    0.279926887814
               8 C      3.950161444570   -0.223486601455   -0.302119840708
               9 C      5.531822837277    2.016383678717   -0.293208444588
              10 H      3.914385224284    2.970325136023    0.732141807192
              11 C      5.197340400813   -0.293580660505   -0.896890996655
              12 H      4.915542174263   -0.880751695373    3.407073559291
              13 C      6.007552097724    0.852112590382   -0.886078814846
              14 H      6.154191076562    2.905979165359   -0.294901606464
              15 O      7.210781822573    0.747023515853   -1.491169094330
              16 H      7.687119104625    1.584551335783   -1.437355356918
              17 O      5.577323876782   -1.433476776139   -1.537784873338
              18 C      6.572669418069   -2.193338769310   -0.826605895947
              19 H      6.188166403086   -2.485717448860    0.152331762802
              20 H      6.759756008700   -3.078273991721   -1.430420159392
              21 H      7.491257042540   -1.615366910319   -0.718543686563
              22 C     -2.979431376559    0.594313128139    1.024592433324
              23 H     -2.621826993281    0.201389135412    1.973409187288
              24 C     -2.267764967931    1.549450130936    0.406328492324
              25 H     -2.568506518918    1.965652475340   -0.550967093827
              26 C     -1.015659814713    2.113732707014    0.930366997211
              27 O     -0.404043875755    2.956150017246    0.295244271639
              28 C     -4.218242315180   -0.019068171196    0.541077596937
              29 C     -4.814668474726   -1.024468301714    1.304353455989
              30 C     -4.838482523832    0.360587730971   -0.659180462130
              31 C     -5.986424774418   -1.643175760355    0.885719365852
              32 H     -4.353207323339   -1.333813264992    2.236931035282
              33 C     -6.000482986682   -0.249039672570   -1.085858545906
              34 H     -4.421088491051    1.135403957389   -1.293612500684
              35 C     -6.586130425947   -1.266054386105   -0.310772823160
              36 H     -6.437811678322   -2.429501653495    1.484029803936
              37 O     -7.718841242198   -1.834563088722   -0.792105431929
              38 H     -8.031772671313   -2.514591751873   -0.183562533359
              39 O     -6.560009149609    0.112759497668   -2.286185662840
              40 C     -7.743546886945    0.906969864301   -2.145293431525
              41 H     -7.519574750965    1.832134551429   -1.605984381236
              42 H     -8.076498600795    1.144199175454   -3.154017858966
              43 H     -8.526166297719    0.354218673066   -1.621804644725
              44 C     -0.478451529037    1.635066467453    2.279727338018
              45 H     -1.275807924227    1.601613470368    3.022625061130
              46 H      0.266740552328    2.362837054318    2.603163517027
              47 O      3.491239737867   -2.411412947784    0.254158187446
              48 O      2.172842485219   -1.420295777720   -1.136932658778
              49 N      3.138968708141   -1.450698103478   -0.404736052603
------------------------ !GEOMETRY! -------------------------
    Number of atoms:    50 
    Geometry Index:     3 
    Coordinates:
               0 C      2.133718758195    1.033666098804    0.974159656653
               1 H      1.732493718184    2.043399051749    0.994457029117
               2 C      1.445004580813    0.046768068665    1.559881732447
               3 H      1.802044297974   -0.977496702759    1.608374922126
               4 C      0.133907144575    0.239569424369    2.214441998354
               5 O     -0.447811447680   -0.714360785026    2.697014966403
               6 C      3.437576736340    0.927864730034    0.303150785814
               7 C      4.267923389635    2.049972389225    0.279926887814
               8 C      3.950161444570   -0.223486601455   -0.302119840708
               9 C      5.531822837277    2.016383678717   -0.293208444588
              10 H      3.914385224284    2.970325136023    0.732141807192
              11 C      5.197340400813   -0.293580660505   -0.896890996655
              12 H      4.915542174263   -0.880751695373    3.407073559291
              13 C      6.007552097724    0.852112590382   -0.886078814846
              14 H      6.154191076562    2.905979165359   -0.294901606464
              15 O      7.210781822573    0.747023515853   -1.491169094330
              16 H      7.687119104625    1.584551335783   -1.437355356918
              17 O      5.577323876782   -1.433476776139   -1.537784873338
              18 C      6.572669418069   -2.193338769310   -0.826605895947
              19 H      6.188166403086   -2.485717448860    0.152331762802
              20 H      6.759756008700   -3.078273991721   -1.430420159392
              21 H      7.491257042540   -1.615366910319   -0.718543686563
              22 C     -2.979431376559    0.594313128139    1.024592433324
              23 H     -2.621826993281    0.201389135412    1.973409187288
              24 C     -2.267764967931    1.549450130936    0.406328492324
              25 H     -2.568506518918    1.965652475340   -0.550967093827
              26 C     -1.015659814713    2.113732707014    0.930366997211
              27 O     -0.404043875755    2.956150017246    0.295244271639
              28 C     -4.218242315180   -0.019068171196    0.541077596937
              29 C     -4.814668474726   -1.024468301714    1.304353455989
              30 C     -4.838482523832    0.360587730971   -0.659180462130
              31 C     -5.986424774418   -1.643175760355    0.885719365852
              32 H     -4.353207323339   -1.333813264992    2.236931035282
              33 C     -6.000482986682   -0.249039672570   -1.085858545906
              34 H     -4.421088491051    1.135403957389   -1.293612500684
              35 C     -6.586130425947   -1.266054386105   -0.310772823160
              36 H     -6.437811678322   -2.429501653495    1.484029803936
              37 O     -7.718841242198   -1.834563088722   -0.792105431929
              38 H     -8.031772671313   -2.514591751873   -0.183562533359
              39 O     -6.560009149609    0.112759497668   -2.286185662840
              40 C     -7.743546886945    0.906969864301   -2.145293431525
              41 H     -7.519574750965    1.832134551429   -1.605984381236
              42 H     -8.076498600795    1.144199175454   -3.154017858966
              43 H     -8.526166297719    0.354218673066   -1.621804644725
              44 C     -0.478451529037    1.635066467453    2.279727338018
              45 H     -1.275807924227    1.601613470368    3.022625061130
              46 H      0.266740552328    2.362837054318    2.603163517027
              47 O      3.491239737867   -2.411412947784    0.254158187446
              48 O      2.172842485219   -1.420295777720   -1.136932658778
              49 N      3.138968708141   -1.450698103478   -0.404736052603
