-------------------------------------------------------------
----------------------- !PROPERTIES! ------------------------
-------------------------------------------------------------
# -----------------------------------------------------------
$ SCF_Energy
   description: The SCF energy
   geom. index: 1
   prop. index: 1
        SCF Energy:    -1468.4984222764
# -----------------------------------------------------------
$ DFT_Energy
   description: The DFT energy
   geom. index: 1
   prop. index: 1
   Number of Alpha Electrons                108.9998524713 
   Number of Beta  Electrons                107.9998459399 
   Total number of  Electrons               216.9996984112 
   Exchange energy                         -140.3880246018 
   Correlation energy                         0.0000000000 
   Correlation energy NL                      0.8163941399 
   Exchange-Correlation energy             -139.5716304619 
   Embedding correction                       0.0000000000 
   Total DFT Energy (No VdW correction)   -1468.4984222764 
# -----------------------------------------------------------
$ Solvation_Details
   description: Details concerning solvation
   geom. index: 1
   prop. index: 1
     Epsilon:                7.0000000000
     Refrac:                 1.8534100000
     RSolv:                  1.3000000000
     Surface Type:                      2
     Number of Points:               2633
     Surface Area:        1616.6607252977
     Dielectric Energy:     -0.0408478090
# -----------------------------------------------------------
$ Mayer_Pop
   description: The Mayer population analysis
   geom. index: 1
   prop. index: 1
     Number of atoms                     : 50
     Threshold for printing              : 0.1000000
     Number of bond orders printed       : 52
  NA   - Mulliken gross atomic population
  ZA   - Total nuclear charge
  QA   - Mulliken gross atomic charge
  VA   - Mayer's total valence
  BVA  - Mayer's bonded valence
  FA   - Mayer's free valence
  ATOM       NA         ZA         QA         VA         BVA        FA
  0   0     6.2141     6.0000    -0.2141     3.8585     3.8469     0.0116
  1   0     0.7305     1.0000     0.2695     0.9317     0.9317     0.0000
  2   0     6.3366     6.0000    -0.3366     3.7870     3.7522     0.0348
  3   0     0.7548     1.0000     0.2452     0.9500     0.9499     0.0001
  4   0     5.6565     6.0000     0.3435     3.9418     3.9414     0.0004
  5   0     8.3289     8.0000    -0.3289     2.1699     2.1660     0.0039
  6   0     5.8878     6.0000     0.1122     3.7644     3.6776     0.0868
  7   0     6.2100     6.0000    -0.2100     3.9264     3.9028     0.0236
  8   0     6.4215     6.0000    -0.4215     3.6535     3.6521     0.0014
  9   0     6.2609     6.0000    -0.2609     3.8276     3.6774     0.1502
 10   0     0.7401     1.0000     0.2599     0.9085     0.9085     0.0000
 11   0     5.7735     6.0000     0.2265     3.8311     3.7372     0.0939
 12   0     0.6666     1.0000     0.3334     0.8680     0.8671     0.0009
 13   0     5.7695     6.0000     0.2305     3.8062     3.7907     0.0155
 14   0     0.7299     1.0000     0.2701     0.9001     0.8997     0.0004
 15   0     8.5826     8.0000    -0.5826     1.9151     1.9146     0.0005
 16   0     0.5502     1.0000     0.4498     0.7853     0.7853     0.0000
 17   0     8.3296     8.0000    -0.3296     2.1069     2.1028     0.0041
 18   0     6.4755     6.0000    -0.4755     3.6443     3.6443     0.0000
 19   0     0.7581     1.0000     0.2419     0.9142     0.9142     0.0000
 20   0     0.7554     1.0000     0.2446     0.9119     0.9119     0.0000
 21   0     0.7659     1.0000     0.2341     0.9132     0.9132     0.0000
 22   0     6.2099     6.0000    -0.2099     3.8323     3.8323     0.0000
 23   0     0.7341     1.0000     0.2659     0.9297     0.9297     0.0000
 24   0     6.3393     6.0000    -0.3393     3.8251     3.8251     0.0000
 25   0     0.7587     1.0000     0.2413     0.9318     0.9318     0.0000
 26   0     5.6564     6.0000     0.3436     3.9300     3.9300     0.0000
 27   0     8.3317     8.0000    -0.3317     2.1676     2.1676     0.0000
 28   0     6.0103     6.0000    -0.0103     3.9599     3.9599     0.0000
 29   0     6.2262     6.0000    -0.2262     3.8961     3.8961     0.0000
 30   0     6.2219     6.0000    -0.2219     3.8576     3.8576     0.0000
 31   0     6.2689     6.0000    -0.2689     3.8038     3.8038     0.0000
 32   0     0.7514     1.0000     0.2486     0.9136     0.9136     0.0000
 33   0     5.8644     6.0000     0.1356     3.9356     3.9356     0.0000
 34   0     0.7516     1.0000     0.2484     0.9216     0.9216     0.0000
 35   0     5.7707     6.0000     0.2293     3.7979     3.7979     0.0000
 36   0     0.7446     1.0000     0.2554     0.9084     0.9084     0.0000
 37   0     8.5726     8.0000    -0.5726     1.9359     1.9359     0.0000
 38   0     0.5532     1.0000     0.4468     0.7879     0.7879     0.0000
 39   0     8.3576     8.0000    -0.3576     2.0267     2.0267     0.0000
 40   0     6.4763     6.0000    -0.4763     3.6821     3.6821     0.0000
 41   0     0.7832     1.0000     0.2168     0.9109     0.9109     0.0000
 42   0     0.7669     1.0000     0.2331     0.9172     0.9172    -0.0000
 43   0     0.7704     1.0000     0.2296     0.9117     0.9117     0.0000
 44   0     6.7542     6.0000    -0.7542     3.5381     3.5381     0.0000
 45   0     0.7002     1.0000     0.2998     0.8932     0.8932     0.0000
 46   0     0.7003     1.0000     0.2997     0.8924     0.8924     0.0000
 47   0     8.2589     8.0000    -0.2589     1.8988     1.8986     0.0002
 48   0     8.2730     8.0000    -0.2730     1.8834     1.8833     0.0001
 49   0     6.6944     7.0000     0.3056     3.8069     3.8040     0.0029
      Bond orders larger than 0.1000000
           Atom A     A.N. of A          Atom B    A.N. of B              Bond order
                0             6               1            1                0.866620
                0             6               2            6                1.674954
                0             6               6            6                1.202746
                2             6               3            1                0.884684
                2             6               4            6                1.099809
                4             6               5            8                1.989257
                4             6              44            6                0.877768
                6             6               7            6                1.488965
                6             6               8            6                0.936344
                7             6               9            6                1.381547
                7             6              10            1                0.913269
                8             6              11            6                1.028663
                8             6              12            1                0.865499
                8             6              49            7                0.721896
                9             6              13            6                1.217640
                9             6              14            1                0.899447
               11             6              13            6                1.470469
               11             6              17            8                1.144008
               13             6              15            8                1.055571
               15             8              16            1                0.768216
               17             8              18            6                0.888497
               18             6              19            1                0.908964
               18             6              20            1                0.927835
               18             6              21            1                0.913521
               22             6              23            1                0.869397
               22             6              24            6                1.760093
               22             6              28            6                1.119106
               24             6              25            1                0.900866
               24             6              26            6                1.089189
               26             6              27            8                1.988648
               26             6              44            6                0.874316
               28             6              29            6                1.411998
               28             6              30            6                1.342797
               29             6              31            6                1.438991
               29             6              32            1                0.918709
               30             6              33            6                1.512338
               30             6              34            1                0.901278
               31             6              35            6                1.351058
               31             6              36            1                0.907789
               33             6              35            6                1.290800
               33             6              39            8                1.050649
               35             6              37            8                1.083652
               37             8              38            1                0.771726
               39             8              40            6                0.926371
               40             6              41            1                0.917763
               40             6              42            1                0.934609
               40             6              43            1                0.908656
               44             6              45            1                0.905094
               44             6              46            1                0.905558
               47             8              48            8                0.232250
               47             8              49            7                1.548127
               48             8              49            7                1.570920
# -----------------------------------------------------------
$ SCF_Energy
   description: The SCF energy
   geom. index: 2
   prop. index: 1
        SCF Energy:    -1468.4984224746
# -----------------------------------------------------------
$ DFT_Energy
   description: The DFT energy
   geom. index: 2
   prop. index: 1
   Number of Alpha Electrons                108.9998518118 
   Number of Beta  Electrons                107.9998453602 
   Total number of  Electrons               216.9996971720 
   Exchange energy                         -140.3879608657 
   Correlation energy                         0.0000000000 
   Correlation energy NL                      0.8163963361 
   Exchange-Correlation energy             -139.5715645295 
   Embedding correction                       0.0000000000 
   Total DFT Energy (No VdW correction)   -1468.4984224746 
# -----------------------------------------------------------
$ Solvation_Details
   description: Details concerning solvation
   geom. index: 2
   prop. index: 1
     Epsilon:                7.0000000000
     Refrac:                 1.8534100000
     RSolv:                  1.3000000000
     Surface Type:                      2
     Number of Points:               2633
     Surface Area:        1616.6479447487
     Dielectric Energy:     -0.0408476498
# -----------------------------------------------------------
$ Mayer_Pop
   description: The Mayer population analysis
   geom. index: 2
   prop. index: 1
     Number of atoms                     : 50
     Threshold for printing              : 0.1000000
     Number of bond orders printed       : 52
  NA   - Mulliken gross atomic population
  ZA   - Total nuclear charge
  QA   - Mulliken gross atomic charge
  VA   - Mayer's total valence
  BVA  - Mayer's bonded valence
  FA   - Mayer's free valence
  ATOM       NA         ZA         QA         VA         BVA        FA
  0   0     6.2142     6.0000    -0.2142     3.8585     3.8469     0.0116
  1   0     0.7305     1.0000     0.2695     0.9317     0.9317     0.0000
  2   0     6.3365     6.0000    -0.3365     3.7870     3.7522     0.0348
  3   0     0.7547     1.0000     0.2453     0.9500     0.9499     0.0001
  4   0     5.6565     6.0000     0.3435     3.9418     3.9414     0.0004
  5   0     8.3289     8.0000    -0.3289     2.1699     2.1660     0.0039
  6   0     5.8878     6.0000     0.1122     3.7644     3.6776     0.0868
  7   0     6.2100     6.0000    -0.2100     3.9264     3.9028     0.0236
  8   0     6.4215     6.0000    -0.4215     3.6535     3.6521     0.0014
  9   0     6.2609     6.0000    -0.2609     3.8277     3.6775     0.1502
 10   0     0.7401     1.0000     0.2599     0.9085     0.9085     0.0000
 11   0     5.7735     6.0000     0.2265     3.8310     3.7371     0.0939
 12   0     0.6666     1.0000     0.3334     0.8680     0.8671     0.0009
 13   0     5.7696     6.0000     0.2304     3.8063     3.7907     0.0156
 14   0     0.7299     1.0000     0.2701     0.9001     0.8997     0.0004
 15   0     8.5826     8.0000    -0.5826     1.9151     1.9146     0.0005
 16   0     0.5502     1.0000     0.4498     0.7853     0.7853     0.0000
 17   0     8.3296     8.0000    -0.3296     2.1068     2.1027     0.0041
 18   0     6.4755     6.0000    -0.4755     3.6444     3.6444     0.0000
 19   0     0.7581     1.0000     0.2419     0.9142     0.9142     0.0000
 20   0     0.7554     1.0000     0.2446     0.9119     0.9119     0.0000
 21   0     0.7659     1.0000     0.2341     0.9132     0.9132     0.0000
 22   0     6.2099     6.0000    -0.2099     3.8323     3.8323     0.0000
 23   0     0.7341     1.0000     0.2659     0.9297     0.9297     0.0000
 24   0     6.3393     6.0000    -0.3393     3.8251     3.8251     0.0000
 25   0     0.7587     1.0000     0.2413     0.9318     0.9318     0.0000
 26   0     5.6564     6.0000     0.3436     3.9300     3.9300     0.0000
 27   0     8.3317     8.0000    -0.3317     2.1676     2.1676     0.0000
 28   0     6.0104     6.0000    -0.0104     3.9598     3.9598     0.0000
 29   0     6.2262     6.0000    -0.2262     3.8961     3.8961     0.0000
 30   0     6.2219     6.0000    -0.2219     3.8576     3.8576     0.0000
 31   0     6.2689     6.0000    -0.2689     3.8038     3.8038     0.0000
 32   0     0.7514     1.0000     0.2486     0.9136     0.9136     0.0000
 33   0     5.8644     6.0000     0.1356     3.9356     3.9356     0.0000
 34   0     0.7516     1.0000     0.2484     0.9216     0.9216     0.0000
 35   0     5.7706     6.0000     0.2294     3.7979     3.7979     0.0000
 36   0     0.7447     1.0000     0.2553     0.9084     0.9084     0.0000
 37   0     8.5726     8.0000    -0.5726     1.9359     1.9359     0.0000
 38   0     0.5532     1.0000     0.4468     0.7879     0.7879     0.0000
 39   0     8.3576     8.0000    -0.3576     2.0267     2.0267     0.0000
 40   0     6.4763     6.0000    -0.4763     3.6821     3.6821     0.0000
 41   0     0.7832     1.0000     0.2168     0.9109     0.9109     0.0000
 42   0     0.7669     1.0000     0.2331     0.9172     0.9172     0.0000
 43   0     0.7704     1.0000     0.2296     0.9117     0.9117     0.0000
 44   0     6.7543     6.0000    -0.7543     3.5381     3.5381     0.0000
 45   0     0.7002     1.0000     0.2998     0.8932     0.8932     0.0000
 46   0     0.7003     1.0000     0.2997     0.8924     0.8924     0.0000
 47   0     8.2589     8.0000    -0.2589     1.8988     1.8986     0.0002
 48   0     8.2730     8.0000    -0.2730     1.8834     1.8833     0.0001
 49   0     6.6943     7.0000     0.3057     3.8069     3.8040     0.0029
      Bond orders larger than 0.1000000
           Atom A     A.N. of A          Atom B    A.N. of B              Bond order
                0             6               1            1                0.866603
                0             6               2            6                1.674936
                0             6               6            6                1.202747
                2             6               3            1                0.884685
                2             6               4            6                1.099807
                4             6               5            8                1.989236
                4             6              44            6                0.877757
                6             6               7            6                1.488914
                6             6               8            6                0.936345
                7             6               9            6                1.381578
                7             6              10            1                0.913268
                8             6              11            6                1.028657
                8             6              12            1                0.865506
                8             6              49            7                0.721904
                9             6              13            6                1.217643
                9             6              14            1                0.899444
               11             6              13            6                1.470445
               11             6              17            8                1.144013
               13             6              15            8                1.055616
               15             8              16            1                0.768221
               17             8              18            6                0.888471
               18             6              19            1                0.909010
               18             6              20            1                0.927823
               18             6              21            1                0.913523
               22             6              23            1                0.869397
               22             6              24            6                1.760106
               22             6              28            6                1.119103
               24             6              25            1                0.900863
               24             6              26            6                1.089197
               26             6              27            8                1.988618
               26             6              44            6                0.874324
               28             6              29            6                1.412000
               28             6              30            6                1.342794
               29             6              31            6                1.438984
               29             6              32            1                0.918709
               30             6              33            6                1.512339
               30             6              34            1                0.901276
               31             6              35            6                1.351061
               31             6              36            1                0.907791
               33             6              35            6                1.290807
               33             6              39            8                1.050645
               35             6              37            8                1.083655
               37             8              38            1                0.771725
               39             8              40            6                0.926375
               40             6              41            1                0.917761
               40             6              42            1                0.934609
               40             6              43            1                0.908660
               44             6              45            1                0.905092
               44             6              46            1                0.905558
               47             8              48            8                0.232247
               47             8              49            7                1.548131
               48             8              49            7                1.570897
# -----------------------------------------------------------
$ SCF_Electric_Properties
   description: The SCF Calculated Electric Properties
   geom. index: 2
   prop. index: 1
       Filename                          : CURCUMIN-OPT-FREQ-Reag-1-wB97XM-V-6-311G-D-363.scfp 
       Do Dipole Moment Calculation      : true 
       Do Quadrupole Moment Calculation  : false 
       Do Polarizability Calculation     : false 
** Dipole moment part of electric properties **
        Magnitude of dipole moment (Debye) :        4.2184942808
        Electronic Contribution:
                  0    
      0       8.564168
      1      -2.844248
      2       1.511015
        Nuclear Contribution:
                  0    
      0      -7.713310
      1       4.074426
      2      -0.791891
        Total Dipole moment:
                  0    
      0       0.850858
      1       1.230178
      2       0.719125
# -----------------------------------------------------------
$ SCF_Energy
   description: The SCF energy
   geom. index: 3
   prop. index: 1
        SCF Energy:    -1468.4984224355
# -----------------------------------------------------------
$ DFT_Energy
   description: The DFT energy
   geom. index: 3
   prop. index: 1
   Number of Alpha Electrons                108.9998518117 
   Number of Beta  Electrons                107.9998453602 
   Total number of  Electrons               216.9996971719 
   Exchange energy                         -140.3879624074 
   Correlation energy                         0.0000000000 
   Correlation energy NL                      0.8163963424 
   Exchange-Correlation energy             -139.5715660650 
   Embedding correction                       0.0000000000 
   Total DFT Energy (No VdW correction)   -1468.4984224355 
# -----------------------------------------------------------
$ Solvation_Details
   description: Details concerning solvation
   geom. index: 3
   prop. index: 1
     Epsilon:                7.0000000000
     Refrac:                 1.8534100000
     RSolv:                  1.3000000000
     Surface Type:                      2
     Number of Points:               2633
     Surface Area:        1616.6479447487
     Dielectric Energy:     -0.0408476573
# -----------------------------------------------------------
$ THERMOCHEMISTRY_Energies
   description: The Thermochemistry energies
   geom. index: 3
   prop. index: 1
        Temperature (Kelvin)           :        363.1500000000
        Pressure (atm)                 :          1.0000000000
        Total Mass (AMU)               :        414.3900000000
        Spin Degeneracy                :          2.0000000000
        Electronic Energy (Hartree)    :      -1468.4984224355
        Translational Energy (Hartree) :          0.0017250343
        Rotational Energy (Hartree)    :          0.0017250343
        Vibrational Energy (Hartree)   :          0.0379151267
        Number of frequencies          :     150      
        Scaling Factor for frequencies :          1.0000000000
        Vibrational frequencies        :     
                  0    
      0       0.000000
      1       0.000000
      2       0.000000
      3       0.000000
      4       0.000000
      5       0.000000
      6      10.538813
      7      23.383783
      8      28.544007
      9      31.927474
     10      41.182207
     11      51.970755
     12      61.582564
     13      63.824683
     14      72.841609
     15      83.557190
     16      88.324112
     17     102.654498
     18     117.852995
     19     135.556130
     20     137.880600
     21     156.449614
     22     159.602108
     23     170.448268
     24     176.236635
     25     198.904847
     26     205.695945
     27     225.993230
     28     238.512626
     29     249.112814
     30     252.626895
     31     271.925457
     32     304.224971
     33     311.862883
     34     317.006921
     35     331.288918
     36     340.363235
     37     379.853970
     38     389.145773
     39     403.701772
     40     424.668356
     41     425.845019
     42     432.490660
     43     443.773472
     44     462.553135
     45     480.184141
     46     499.206275
     47     522.421834
     48     542.362663
     49     556.748153
     50     574.100607
     51     583.657850
     52     602.195357
     53     607.010326
     54     619.241572
     55     632.954784
     56     662.129421
     57     711.667098
     58     723.722195
     59     750.375473
     60     756.601131
     61     769.631436
     62     773.701703
     63     783.507771
     64     820.454503
     65     828.031350
     66     846.981957
     67     857.334060
     68     879.314613
     69     881.652105
     70     886.976796
     71     919.752348
     72     930.162986
     73     932.606058
     74     944.821375
     75     957.417115
     76     966.992238
     77     991.185362
     78     1019.384642
     79     1029.675604
     80     1046.341261
     81     1059.717582
     82     1097.867781
     83     1117.756103
     84     1133.405103
     85     1145.271742
     86     1175.931358
     87     1177.704835
     88     1189.280252
     89     1205.186916
     90     1206.405694
     91     1219.713210
     92     1225.665481
     93     1240.246891
     94     1264.415241
     95     1269.970033
     96     1273.894219
     97     1275.453389
     98     1290.324797
     99     1296.744110
    100     1301.762578
    101     1313.894196
    102     1315.038747
    103     1324.994452
    104     1343.718212
    105     1350.941059
    106     1363.939054
    107     1371.995187
    108     1386.157642
    109     1395.661101
    110     1434.329221
    111     1458.957697
    112     1468.446933
    113     1481.916933
    114     1484.107659
    115     1486.342703
    116     1491.787577
    117     1496.900531
    118     1497.144857
    119     1501.136647
    120     1563.181076
    121     1566.903258
    122     1636.231482
    123     1661.584906
    124     1664.557917
    125     1673.955371
    126     1679.388240
    127     1714.031116
    128     1731.057651
    129     1755.163299
    130     3043.897612
    131     3070.850473
    132     3101.039374
    133     3102.587564
    134     3118.423107
    135     3157.390614
    136     3160.337448
    137     3162.989841
    138     3180.981050
    139     3181.764159
    140     3184.064533
    141     3184.381901
    142     3186.813360
    143     3192.608097
    144     3199.653329
    145     3201.393026
    146     3206.339412
    147     3206.748677
    148     3806.628542
    149     3808.148249
        Zero Point Energy (Hartree)    :          0.3837610632
        Inner Energy (Hartree)         :      -1468.0732961770
        Enthalpy (Hartree)             :      -1468.0721461199
        Electronic entropy             :          0.0007971351
        Rotational entropy             :          0.0218917240
        Vibrational entropy            :          0.0699542643
        Translational entropy          :          0.0218917240
        Entropy                        :          0.1186478950
        Gibbs Energy (Hartree)         :      -1468.1907940150
        Is Linear                      :                 false
# -------------------------------------------------------------
----------------------- !GEOMETRIES! ------------------------
# -------------------------------------------------------------
------------------------ !GEOMETRY! -------------------------
    Number of atoms:    50 
    Geometry Index:     1 
    Coordinates:
               0 C      2.094609224901    1.052945431731    1.172051291212
               1 H      1.699795251881    2.065664266520    1.163881749985
               2 C      1.367374691911    0.066320813794    1.742537257761
               3 H      1.705353681351   -0.964855667532    1.759976150783
               4 C      0.056455363685    0.272122379345    2.371584083568
               5 O     -0.548347072926   -0.671317311318    2.854952919620
               6 C      3.379245013439    0.905212535671    0.543002863374
               7 C      4.043059819142    2.006386531153    0.042654549305
               8 C      4.023735797592   -0.440489443385    0.417525319345
               9 C      5.335326385239    1.923056768318   -0.478281100053
              10 H      3.560229503937    2.976998190800    0.094593076613
              11 C      5.430126745636   -0.445938658675   -0.070328201007
              12 H      3.929916456116   -1.046566673650    1.321975177873
              13 C      6.045413036317    0.699388819090   -0.498458658745
              14 H      5.830963227808    2.817872092652   -0.841001795133
              15 O      7.339994361709    0.641181399499   -0.919104967690
              16 H      7.638000566231    1.520312565728   -1.179857684895
              17 O      5.943868507706   -1.694860306950   -0.063796720939
              18 C      6.774262768321   -2.105009387515   -1.165771930347
              19 H      7.785611174648   -1.720091114875   -1.057996919312
              20 H      6.776080141376   -3.192070420997   -1.134678257627
              21 H      6.340716811327   -1.759255282171   -2.106033270834
              22 C     -3.005427774430    0.616605382461    1.086258342921
              23 H     -2.679485187630    0.232542832386    2.049908131613
              24 C     -2.277020047231    1.570142222126    0.485658045194
              25 H     -2.546111097719    1.977064347819   -0.485051472960
              26 C     -1.047080160067    2.146821320608    1.048968341723
              27 O     -0.424228250344    2.993623108629    0.430022439581
              28 C     -4.222321965353   -0.007770635609    0.561745360909
              29 C     -4.834293241304   -1.020142237654    1.303146893043
              30 C     -4.804388823811    0.366347123886   -0.659078951910
              31 C     -5.983136444431   -1.652192134578    0.842675996909
              32 H     -4.402546423651   -1.324935429860    2.251357316266
              33 C     -5.943244386140   -0.256383689755   -1.127252653567
              34 H     -4.374138901116    1.147073376251   -1.277445444123
              35 C     -6.543742814866   -1.281503935758   -0.374629042445
              36 H     -6.446239024827   -2.444649892136    1.423816672807
              37 O     -7.651104563354   -1.863376692499   -0.897758636223
              38 H     -7.975709653002   -2.550883849012   -0.303975624289
              39 O     -6.463882433360    0.100010617183   -2.346607429897
              40 C     -7.661579709880    0.879198879977   -2.247550650177
              41 H     -7.467540276280    1.808320007718   -1.703488824304
              42 H     -7.963486296240    1.109839052061   -3.267519469348
              43 H     -8.454207557284    0.317500653321   -1.749255825631
              44 C     -0.547767849418    1.674619184684    2.413690405790
              45 H     -1.364624427084    1.650939382374    3.135718367881
              46 H      0.192919666498    2.400374087876    2.751580729887
              47 O      2.538466093737   -2.193070260797   -0.217022052887
              48 O      3.325143067169   -0.952018720853   -1.792952690443
              49 N      3.218557024071   -1.278111628081   -0.629574209177
------------------------ !GEOMETRY! -------------------------
    Number of atoms:    50 
    Geometry Index:     2 
    Coordinates:
               0 C      2.094476377820    1.052436961961    1.171496605098
               1 H      1.699458242669    2.065074260551    1.163147916202
               2 C      1.367487443437    0.065806077108    1.742309553331
               3 H      1.705622155792   -0.965307423027    1.759994132119
               4 C      0.056556744892    0.271610189761    2.371337800176
               5 O     -0.548325145126   -0.671851135230    2.854573610895
               6 C      3.379099001914    0.904920639931    0.542410247611
               7 C      4.042492830982    2.006200314736    0.041708634971
               8 C      4.024194197592   -0.440535200764    0.417364383298
               9 C      5.334875257685    1.923298056701   -0.478969813125
              10 H      3.559177453328    2.976593868847    0.093250255651
              11 C      5.430707555512   -0.445539983892   -0.070144010924
              12 H      3.930445726159   -1.046414092296    1.321955211576
              13 C      6.045586135220    0.699965954359   -0.498456893885
              14 H      5.830182300422    2.818192116400   -0.841937798976
              15 O      7.340341572041    0.642387858542   -0.918655937907
              16 H      7.637640805908    1.521382691120   -1.180671797772
              17 O      5.944715632352   -1.694353881155   -0.063055689499
              18 C      6.775518264193   -2.105057953734   -1.164553117947
              19 H      7.786962268980   -1.720607054712   -1.056225119407
              20 H      6.776800837938   -3.192119596828   -1.133216069793
              21 H      6.342602025988   -1.759359671662   -2.105101588119
              22 C     -3.005572944523    0.616319412066    1.086181249150
              23 H     -2.679529922781    0.232100787670    2.049732967037
              24 C     -2.277179610359    1.569887564487    0.485603577161
              25 H     -2.546384156777    1.976959271837   -0.485010061365
              26 C     -1.047121952859    2.146439793594    1.048796084143
              27 O     -0.424407770702    2.993364917725    0.429870241279
              28 C     -4.222587571614   -0.007864367427    0.561709397544
              29 C     -4.834544514287   -1.020328275750    1.303001417476
              30 C     -4.804773652640    0.366541482415   -0.658968944473
              31 C     -5.983497762118   -1.652197621632    0.842547960048
              32 H     -4.402704217471   -1.325333054060    2.251099678962
              33 C     -5.943740725150   -0.256014149330   -1.127118626588
              34 H     -4.374588335445    1.147347859119   -1.277277570498
              35 C     -6.544223034421   -1.281236908707   -0.374618770992
              36 H     -6.446595476095   -2.444728572751    1.423593580867
              37 O     -7.651685499050   -1.862934172324   -0.897731474809
              38 H     -7.976240284396   -2.550583699327   -0.304083765922
              39 O     -6.464506390564    0.100655840906   -2.346345241433
              40 C     -7.662065782016    0.880014957617   -2.246951239591
              41 H     -7.467817443607    1.808994587753   -1.702719883921
              42 H     -7.964105347906    1.110920035842   -3.266821472970
              43 H     -8.454708621104    0.318347527190   -1.748644292506
              44 C     -0.547684686137    1.674104886045    2.413405349060
              45 H     -1.364533668289    1.650416411578    3.135447719748
              46 H      0.193022899729    2.399812981008    2.751360297943
              47 O      2.538517060453   -2.192856635108   -0.216917983372
              48 O      3.326647136983   -0.953168494749   -1.793192103410
              49 N      3.219564587451   -1.278715362402   -0.629699602146
------------------------ !GEOMETRY! -------------------------
    Number of atoms:    50 
    Geometry Index:     3 
    Coordinates:
               0 C      2.094476377820    1.052436961961    1.171496605098
               1 H      1.699458242669    2.065074260551    1.163147916202
               2 C      1.367487443437    0.065806077108    1.742309553331
               3 H      1.705622155792   -0.965307423027    1.759994132119
               4 C      0.056556744892    0.271610189761    2.371337800176
               5 O     -0.548325145126   -0.671851135230    2.854573610895
               6 C      3.379099001914    0.904920639931    0.542410247611
               7 C      4.042492830982    2.006200314736    0.041708634971
               8 C      4.024194197592   -0.440535200764    0.417364383298
               9 C      5.334875257685    1.923298056701   -0.478969813125
              10 H      3.559177453328    2.976593868847    0.093250255651
              11 C      5.430707555512   -0.445539983892   -0.070144010924
              12 H      3.930445726159   -1.046414092296    1.321955211576
              13 C      6.045586135220    0.699965954359   -0.498456893885
              14 H      5.830182300422    2.818192116400   -0.841937798976
              15 O      7.340341572041    0.642387858542   -0.918655937907
              16 H      7.637640805908    1.521382691120   -1.180671797772
              17 O      5.944715632352   -1.694353881155   -0.063055689499
              18 C      6.775518264193   -2.105057953734   -1.164553117947
              19 H      7.786962268980   -1.720607054712   -1.056225119407
              20 H      6.776800837938   -3.192119596828   -1.133216069793
              21 H      6.342602025988   -1.759359671662   -2.105101588119
              22 C     -3.005572944523    0.616319412066    1.086181249150
              23 H     -2.679529922781    0.232100787670    2.049732967037
              24 C     -2.277179610359    1.569887564487    0.485603577161
              25 H     -2.546384156777    1.976959271837   -0.485010061365
              26 C     -1.047121952859    2.146439793594    1.048796084143
              27 O     -0.424407770702    2.993364917725    0.429870241279
              28 C     -4.222587571614   -0.007864367427    0.561709397544
              29 C     -4.834544514287   -1.020328275750    1.303001417476
              30 C     -4.804773652640    0.366541482415   -0.658968944473
              31 C     -5.983497762118   -1.652197621632    0.842547960048
              32 H     -4.402704217471   -1.325333054060    2.251099678962
              33 C     -5.943740725150   -0.256014149330   -1.127118626588
              34 H     -4.374588335445    1.147347859119   -1.277277570498
              35 C     -6.544223034421   -1.281236908707   -0.374618770992
              36 H     -6.446595476095   -2.444728572751    1.423593580867
              37 O     -7.651685499050   -1.862934172324   -0.897731474809
              38 H     -7.976240284396   -2.550583699327   -0.304083765922
              39 O     -6.464506390564    0.100655840906   -2.346345241433
              40 C     -7.662065782016    0.880014957617   -2.246951239591
              41 H     -7.467817443607    1.808994587753   -1.702719883921
              42 H     -7.964105347906    1.110920035842   -3.266821472970
              43 H     -8.454708621104    0.318347527190   -1.748644292506
              44 C     -0.547684686137    1.674104886045    2.413405349060
              45 H     -1.364533668289    1.650416411578    3.135447719748
              46 H      0.193022899729    2.399812981008    2.751360297943
              47 O      2.538517060453   -2.192856635108   -0.216917983372
              48 O      3.326647136983   -0.953168494749   -1.793192103410
              49 N      3.219564587451   -1.278715362402   -0.629699602146
