-------------------------------------------------------------
----------------------- !PROPERTIES! ------------------------
-------------------------------------------------------------
# -----------------------------------------------------------
$ SCF_Energy
   description: The SCF energy
   geom. index: 1
   prop. index: 1
        SCF Energy:    -1468.4732219725
# -----------------------------------------------------------
$ DFT_Energy
   description: The DFT energy
   geom. index: 1
   prop. index: 1
   Number of Alpha Electrons                108.9999705213 
   Number of Beta  Electrons                107.9999165818 
   Total number of  Electrons               216.9998871031 
   Exchange energy                         -140.2529551510 
   Correlation energy                         0.0000000000 
   Correlation energy NL                      0.8149818827 
   Exchange-Correlation energy             -139.4379732684 
   Embedding correction                       0.0000000000 
   Total DFT Energy (No VdW correction)   -1468.4732219725 
# -----------------------------------------------------------
$ Solvation_Details
   description: Details concerning solvation
   geom. index: 1
   prop. index: 1
     Epsilon:                7.0000000000
     Refrac:                 1.8534100000
     RSolv:                  1.3000000000
     Surface Type:                      2
     Number of Points:               2713
     Surface Area:        1674.5401883890
     Dielectric Energy:     -0.0469368158
# -----------------------------------------------------------
$ Mayer_Pop
   description: The Mayer population analysis
   geom. index: 1
   prop. index: 1
     Number of atoms                     : 50
     Threshold for printing              : 0.1000000
     Number of bond orders printed       : 175
  NA   - Mulliken gross atomic population
  ZA   - Total nuclear charge
  QA   - Mulliken gross atomic charge
  VA   - Mayer's total valence
  BVA  - Mayer's bonded valence
  FA   - Mayer's free valence
  ATOM       NA         ZA         QA         VA         BVA        FA
  0   0     5.2370     6.0000     0.7630     2.9183     2.9182     0.0001
  1   0     0.7079     1.0000     0.2921     0.8862     0.8862    -0.0000
  2   0     6.1483     6.0000    -0.1483     5.2785     5.2777     0.0008
  3   0     0.7176     1.0000     0.2824     0.9115     0.9115     0.0000
  4   0     6.4151     6.0000    -0.4151     4.9076     4.9076     0.0000
  5   0     8.2568     8.0000    -0.2568     2.1476     2.1476     0.0000
  6   0     3.8947     6.0000     2.1053     3.9463     3.9466    -0.0003
  7   0     6.7668     6.0000    -0.7668     2.9404     2.9375     0.0029
  8   0     9.2927     6.0000    -3.2927     4.6806     4.6803     0.0003
  9   0     5.7150     6.0000     0.2850     2.8109     2.8101     0.0008
 10   0     0.6938     1.0000     0.3062     0.8799     0.8799    -0.0000
 11   0     4.8956     6.0000     1.1044     0.8357     0.8338     0.0019
 12   0     0.9924     1.0000     0.0076     1.0001     0.0157     0.9844
 13   0     6.6107     6.0000    -0.6107     4.4742     4.4742     0.0000
 14   0     0.7043     1.0000     0.2957     0.8881     0.8881     0.0000
 15   0     8.4262     8.0000    -0.4262     1.8354     1.8354    -0.0000
 16   0     0.5889     1.0000     0.4111     0.8226     0.8226     0.0000
 17   0     8.0199     8.0000    -0.0199     1.6122     1.6122    -0.0000
 18   0     6.7775     6.0000    -0.7775     3.4538     3.4538     0.0000
 19   0     0.7257     1.0000     0.2743     0.8766     0.8766     0.0000
 20   0     0.7211     1.0000     0.2789     0.8899     0.8899     0.0000
 21   0     0.7218     1.0000     0.2782     0.8750     0.8750    -0.0000
 22   0     5.1948     6.0000     0.8052     3.7786     3.7786     0.0000
 23   0     0.7183     1.0000     0.2817     0.8883     0.8883     0.0000
 24   0     6.9417     6.0000    -0.9417     6.0110     6.0110     0.0000
 25   0     0.7312     1.0000     0.2688     0.9084     0.9084     0.0000
 26   0     6.0714     6.0000    -0.0714     4.5986     4.5986     0.0000
 27   0     8.2942     8.0000    -0.2942     2.1055     2.1055    -0.0000
 28   0     5.1802     6.0000     0.8198     1.9688     1.9688     0.0000
 29   0     6.4129     6.0000    -0.4129     3.2038     3.2038     0.0000
 30   0     7.3036     6.0000    -1.3036     5.5480     5.5480     0.0000
 31   0     6.1513     6.0000    -0.1513     3.3596     3.3596     0.0000
 32   0     0.7098     1.0000     0.2902     0.8878     0.8878     0.0000
 33   0     5.6401     6.0000     0.3599     3.2570     3.2570     0.0000
 34   0     0.7289     1.0000     0.2711     0.9138     0.9138     0.0000
 35   0     6.3251     6.0000    -0.3251     4.3369     4.3369    -0.0000
 36   0     0.7131     1.0000     0.2869     0.8906     0.8906     0.0000
 37   0     8.4340     8.0000    -0.4340     1.8299     1.8299     0.0000
 38   0     0.5959     1.0000     0.4041     0.8269     0.8269     0.0000
 39   0     8.0641     8.0000    -0.0641     1.5646     1.5646     0.0000
 40   0     6.7444     6.0000    -0.7444     3.4897     3.4897    -0.0000
 41   0     0.7425     1.0000     0.2575     0.8875     0.8875     0.0000
 42   0     0.7304     1.0000     0.2696     0.8924     0.8924     0.0000
 43   0     0.7359     1.0000     0.2641     0.8820     0.8820     0.0000
 44   0     6.3279     6.0000    -0.3279     2.3960     2.3960     0.0000
 45   0     0.6645     1.0000     0.3355     0.8726     0.8726     0.0000
 46   0     0.6600     1.0000     0.3400     0.8686     0.8686     0.0000
 47   0     7.9100     8.0000     0.0900     2.1455     2.1455     0.0000
 48   0     7.8280     8.0000     0.1720     2.2174     2.2174     0.0000
 49   0     7.4161     7.0000    -0.4161     4.5115     4.5114     0.0001
      Bond orders larger than 0.1000000
           Atom A     A.N. of A          Atom B    A.N. of B              Bond order
                0             6               1            1                0.390733
                0             6               2            6                2.879187
                0             6               3            1                0.242618
                0             6               6            6                3.061370
                0             6               7            6               -0.224409
                0             6               8            6               -2.723451
                0             6              10            1                0.222775
                0             6              11            6                0.137924
                0             6              13            6               -1.289993
                0             6              22            6               -0.244253
                0             6              24            6               -0.189651
                0             6              26            6                0.115104
                0             6              44            6                0.160027
                0             6              48            8                0.241201
                1             1               2            6                0.187816
                1             1               6            6                0.291832
                1             1              26            6                0.111620
                2             6               3            1                0.635911
                2             6               4            6                1.198899
                2             6               5            8               -0.286151
                2             6               6            6               -0.264734
                2             6               7            6               -0.237931
                2             6               8            6                0.732464
                2             6              11            6                0.138276
                2             6              13            6                0.101795
                2             6              22            6               -0.134979
                2             6              24            6                0.211047
                3             1               7            6               -0.101598
                3             1               8            6                0.109274
                4             6               5            8                2.767110
                4             6               6            6                0.103801
                4             6               7            6               -0.137481
                4             6              22            6               -0.103529
                4             6              23            1                0.107004
                4             6              24            6                0.449407
                4             6              26            6                0.176202
                4             6              44            6                0.605263
                5             8              44            6               -0.262184
                6             6               7            6                0.258935
                6             6               8            6                1.575568
                6             6               9            6               -0.354979
                6             6              10            1               -0.398571
                6             6              11            6                0.874070
                6             6              13            6                0.459124
                6             6              22            6               -0.317493
                6             6              24            6               -0.147510
                6             6              27            8                0.117874
                6             6              28            6                0.629712
                6             6              29            6               -0.126075
                6             6              31            6                0.132265
                6             6              33            6               -0.106592
                6             6              44            6               -0.221136
                6             6              47            8               -0.424496
                6             6              48            8               -0.733291
                6             6              49            7               -0.412578
                7             6               8            6                1.477882
                7             6               9            6                1.155051
                7             6              10            1                1.014200
                7             6              11            6               -0.931278
                7             6              12            1               -0.116420
                7             6              13            6                1.003638
                7             6              17            8               -0.107853
                7             6              22            6               -0.250040
                7             6              28            6                0.354727
                7             6              29            6               -0.196608
                7             6              31            6                0.170538
                7             6              33            6                0.140379
                8             6               9            6                0.325475
                8             6              10            1                0.135596
                8             6              13            6                0.952443
                8             6              15            8               -0.123843
                8             6              17            8               -1.722008
                8             6              18            6                0.859521
                8             6              19            1                0.376780
                8             6              22            6                0.231600
                8             6              28            6               -0.366140
                8             6              29            6                0.231095
                8             6              31            6               -0.199899
                8             6              47            8                0.832156
                8             6              48            8                0.412404
                8             6              49            7                1.391056
                9             6              11            6               -0.251972
                9             6              13            6                1.253101
                9             6              14            1                0.782994
               11             6              13            6                0.216730
               11             6              15            8               -0.683956
               11             6              17            8                3.222366
               11             6              18            6               -0.900098
               11             6              19            1               -0.446739
               11             6              22            6                0.344700
               11             6              28            6               -0.543700
               11             6              30            6                0.121963
               11             6              31            6               -0.108584
               11             6              47            8               -0.337326
               11             6              48            8                0.371150
               11             6              49            7               -0.686530
               13             6              15            8                1.876679
               13             6              16            1                0.153705
               13             6              17            8               -0.362000
               15             8              16            1                0.769960
               17             8              18            6                0.600685
               18             6              19            1                0.931395
               18             6              20            1                0.948383
               18             6              21            1                0.934379
               22             6              23            1                0.537166
               22             6              24            6                2.543037
               22             6              25            1                0.346910
               22             6              26            6               -0.141700
               22             6              28            6                0.548773
               22             6              29            6                0.915707
               22             6              30            6                0.307234
               22             6              31            6               -0.175481
               22             6              32            1                0.401632
               22             6              33            6               -0.790554
               22             6              35            6               -0.600930
               22             6              44            6                0.130365
               22             6              48            8                0.209714
               22             6              49            7                0.175103
               23             1              24            6                0.148790
               23             1              29            6                0.195315
               24             6              25            1                0.638978
               24             6              26            6                1.556800
               24             6              29            6               -0.429036
               24             6              30            6                0.682419
               24             6              33            6                0.179069
               24             6              44            6                0.124012
               25             1              28            6               -0.133559
               26             6              27            8                2.471374
               26             6              28            6               -0.104397
               26             6              33            6                0.238135
               26             6              44            6                0.578660
               26             6              48            8               -0.157656
               27             8              44            6               -0.273981
               28             6              29            6                0.728275
               28             6              30            6                1.143096
               28             6              32            1               -0.414311
               28             6              33            6                0.330332
               28             6              35            6                0.294563
               28             6              39            8                0.134741
               28             6              44            6               -0.211286
               28             6              48            8               -0.245985
               28             6              49            7               -0.274175
               29             6              30            6               -0.596255
               29             6              31            6                1.297702
               29             6              32            1                0.931943
               29             6              33            6                0.361511
               29             6              37            8               -0.102039
               30             6              31            6                0.280646
               30             6              33            6                1.658166
               30             6              34            1                0.855538
               30             6              35            6                0.442126
               30             6              39            8               -0.338056
               30             6              40            6                0.718952
               30             6              41            1                0.380055
               30             6              48            8                0.121536
               31             6              33            6                0.146351
               31             6              35            6                1.279069
               31             6              36            1                0.794119
               33             6              35            6                1.060579
               33             6              37            8               -0.755632
               33             6              39            8                1.784017
               33             6              40            6               -0.682248
               33             6              41            1               -0.393216
               35             6              37            8                1.957210
               35             6              38            1                0.166090
               35             6              39            8               -0.482259
               37             8              38            1                0.777447
               39             8              40            6                0.636855
               40             6              41            1                0.937474
               40             6              42            1                0.946910
               40             6              43            1                0.941028
               44             6              45            1                0.841310
               44             6              46            1                0.809438
               47             8              49            7                2.045877
               48             8              49            7                1.984741
# -----------------------------------------------------------
$ SCF_Energy
   description: The SCF energy
   geom. index: 2
   prop. index: 1
        SCF Energy:    -1468.4732227764
# -----------------------------------------------------------
$ DFT_Energy
   description: The DFT energy
   geom. index: 2
   prop. index: 1
   Number of Alpha Electrons                108.9999705152 
   Number of Beta  Electrons                107.9999166930 
   Total number of  Electrons               216.9998872082 
   Exchange energy                         -140.2528995575 
   Correlation energy                         0.0000000000 
   Correlation energy NL                      0.8149907447 
   Exchange-Correlation energy             -139.4379088128 
   Embedding correction                       0.0000000000 
   Total DFT Energy (No VdW correction)   -1468.4732227764 
# -----------------------------------------------------------
$ Solvation_Details
   description: Details concerning solvation
   geom. index: 2
   prop. index: 1
     Epsilon:                7.0000000000
     Refrac:                 1.8534100000
     RSolv:                  1.3000000000
     Surface Type:                      2
     Number of Points:               2714
     Surface Area:        1674.6462436060
     Dielectric Energy:     -0.0469364473
# -----------------------------------------------------------
$ Mayer_Pop
   description: The Mayer population analysis
   geom. index: 2
   prop. index: 1
     Number of atoms                     : 50
     Threshold for printing              : 0.1000000
     Number of bond orders printed       : 176
  NA   - Mulliken gross atomic population
  ZA   - Total nuclear charge
  QA   - Mulliken gross atomic charge
  VA   - Mayer's total valence
  BVA  - Mayer's bonded valence
  FA   - Mayer's free valence
  ATOM       NA         ZA         QA         VA         BVA        FA
  0   0     5.2822     6.0000     0.7178     3.0479     3.0477     0.0002
  1   0     0.7079     1.0000     0.2921     0.8863     0.8863    -0.0000
  2   0     6.1539     6.0000    -0.1539     5.2815     5.2807     0.0008
  3   0     0.7174     1.0000     0.2826     0.9113     0.9113     0.0000
  4   0     6.4193     6.0000    -0.4193     4.9136     4.9136     0.0000
  5   0     8.2565     8.0000    -0.2565     2.1475     2.1475     0.0000
  6   0     3.8337     6.0000     2.1663     3.7214     3.7217    -0.0003
  7   0     6.7788     6.0000    -0.7788     2.8964     2.8933     0.0031
  8   0     9.3308     6.0000    -3.3308     4.6630     4.6629     0.0001
  9   0     5.6838     6.0000     0.3162     2.7715     2.7707     0.0008
 10   0     0.6937     1.0000     0.3063     0.8799     0.8799    -0.0000
 11   0     4.8814     6.0000     1.1186     0.7922     0.7899     0.0023
 12   0     0.9924     1.0000     0.0076     1.0001     0.0156     0.9845
 13   0     6.6195     6.0000    -0.6195     4.4575     4.4574     0.0001
 14   0     0.7045     1.0000     0.2955     0.8883     0.8883     0.0000
 15   0     8.4257     8.0000    -0.4257     1.8343     1.8343    -0.0000
 16   0     0.5889     1.0000     0.4111     0.8227     0.8227     0.0000
 17   0     8.0199     8.0000    -0.0199     1.6150     1.6150    -0.0000
 18   0     6.7780     6.0000    -0.7780     3.4541     3.4541     0.0000
 19   0     0.7257     1.0000     0.2743     0.8766     0.8766     0.0000
 20   0     0.7210     1.0000     0.2790     0.8899     0.8899     0.0000
 21   0     0.7218     1.0000     0.2782     0.8751     0.8751    -0.0000
 22   0     5.1937     6.0000     0.8063     3.8196     3.8196     0.0000
 23   0     0.7181     1.0000     0.2819     0.8882     0.8882     0.0000
 24   0     6.9524     6.0000    -0.9524     6.0269     6.0269     0.0000
 25   0     0.7314     1.0000     0.2686     0.9085     0.9085     0.0000
 26   0     6.0651     6.0000    -0.0651     4.5998     4.5998     0.0000
 27   0     8.2940     8.0000    -0.2940     2.1055     2.1055    -0.0000
 28   0     5.1734     6.0000     0.8266     1.8945     1.8945     0.0000
 29   0     6.4229     6.0000    -0.4229     3.2140     3.2140     0.0000
 30   0     7.3694     6.0000    -1.3694     5.5495     5.5495     0.0000
 31   0     6.1373     6.0000    -0.1373     3.3490     3.3490     0.0000
 32   0     0.7097     1.0000     0.2903     0.8878     0.8878     0.0000
 33   0     5.5771     6.0000     0.4229     3.1152     3.1152     0.0000
 34   0     0.7288     1.0000     0.2712     0.9137     0.9137    -0.0000
 35   0     6.3322     6.0000    -0.3322     4.3438     4.3438     0.0000
 36   0     0.7131     1.0000     0.2869     0.8907     0.8907     0.0000
 37   0     8.4338     8.0000    -0.4338     1.8295     1.8295     0.0000
 38   0     0.5959     1.0000     0.4041     0.8269     0.8269     0.0000
 39   0     8.0635     8.0000    -0.0635     1.5637     1.5637     0.0000
 40   0     6.7439     6.0000    -0.7439     3.4896     3.4896     0.0000
 41   0     0.7424     1.0000     0.2576     0.8875     0.8875     0.0000
 42   0     0.7306     1.0000     0.2694     0.8925     0.8925     0.0000
 43   0     0.7359     1.0000     0.2641     0.8820     0.8820     0.0000
 44   0     6.3253     6.0000    -0.3253     2.3924     2.3924     0.0000
 45   0     0.6645     1.0000     0.3355     0.8726     0.8726     0.0000
 46   0     0.6600     1.0000     0.3400     0.8686     0.8686     0.0000
 47   0     7.9107     8.0000     0.0893     2.1464     2.1464     0.0000
 48   0     7.8288     8.0000     0.1712     2.2180     2.2180     0.0000
 49   0     7.4095     7.0000    -0.4095     4.5079     4.5078     0.0001
      Bond orders larger than 0.1000000
           Atom A     A.N. of A          Atom B    A.N. of B              Bond order
                0             6               1            1                0.401468
                0             6               2            6                2.895540
                0             6               3            1                0.244787
                0             6               6            6                2.996452
                0             6               7            6               -0.195636
                0             6               8            6               -2.514363
                0             6              10            1                0.217660
                0             6              13            6               -1.246786
                0             6              22            6               -0.234184
                0             6              24            6               -0.190584
                0             6              26            6                0.115064
                0             6              44            6                0.151203
                0             6              48            8                0.238594
                1             1               2            6                0.190320
                1             1               6            6                0.282103
                1             1              26            6                0.112444
                2             6               3            1                0.637736
                2             6               4            6                1.201307
                2             6               5            8               -0.286340
                2             6               6            6               -0.278077
                2             6               7            6               -0.255075
                2             6               8            6                0.730662
                2             6              11            6                0.160757
                2             6              22            6               -0.135901
                2             6              24            6                0.211338
                3             1               6            6               -0.104739
                3             1               7            6               -0.104208
                3             1               8            6                0.108800
                4             6               5            8                2.767542
                4             6               6            6                0.100174
                4             6               7            6               -0.140865
                4             6              22            6               -0.110802
                4             6              23            1                0.108357
                4             6              24            6                0.454060
                4             6              26            6                0.179346
                4             6              44            6                0.603537
                5             8              44            6               -0.262232
                6             6               7            6                0.240500
                6             6               8            6                1.363599
                6             6               9            6               -0.307837
                6             6              10            1               -0.401812
                6             6              11            6                0.988490
                6             6              13            6                0.422214
                6             6              18            6                0.100226
                6             6              22            6               -0.330228
                6             6              24            6               -0.148929
                6             6              27            8                0.119460
                6             6              28            6                0.648931
                6             6              29            6               -0.130688
                6             6              31            6                0.137413
                6             6              33            6               -0.112570
                6             6              44            6               -0.209665
                6             6              47            8               -0.439147
                6             6              48            8               -0.747866
                6             6              49            7               -0.417121
                7             6               8            6                1.446651
                7             6               9            6                1.133994
                7             6              10            1                1.019684
                7             6              11            6               -0.965372
                7             6              12            1               -0.122622
                7             6              13            6                1.058665
                7             6              17            8               -0.114649
                7             6              22            6               -0.226907
                7             6              28            6                0.329535
                7             6              29            6               -0.196205
                7             6              31            6                0.169067
                7             6              33            6                0.141654
                8             6               9            6                0.283289
                8             6              10            1                0.140452
                8             6              13            6                0.948801
                8             6              15            8               -0.121165
                8             6              17            8               -1.783218
                8             6              18            6                0.894231
                8             6              19            1                0.393697
                8             6              22            6                0.209797
                8             6              28            6               -0.345166
                8             6              29            6                0.236373
                8             6              31            6               -0.204059
                8             6              47            8                0.871937
                8             6              48            8                0.417467
                8             6              49            7                1.418108
                9             6              11            6               -0.239144
                9             6              13            6                1.218588
                9             6              14            1                0.777844
               11             6              13            6                0.181981
               11             6              15            8               -0.688089
               11             6              17            8                3.293281
               11             6              18            6               -0.943628
               11             6              19            1               -0.468939
               11             6              22            6                0.349130
               11             6              28            6               -0.545396
               11             6              30            6                0.112686
               11             6              31            6               -0.104467
               11             6              47            8               -0.359341
               11             6              48            8                0.392323
               11             6              49            7               -0.720174
               13             6              15            8                1.874552
               13             6              16            1                0.152579
               13             6              17            8               -0.367397
               15             8              16            1                0.770019
               17             8              18            6                0.601939
               18             6              19            1                0.931256
               18             6              20            1                0.948569
               18             6              21            1                0.934523
               22             6              23            1                0.533295
               22             6              24            6                2.561321
               22             6              25            1                0.362473
               22             6              26            6               -0.130264
               22             6              28            6                0.539005
               22             6              29            6                0.905027
               22             6              30            6                0.283313
               22             6              31            6               -0.152056
               22             6              32            1                0.411702
               22             6              33            6               -0.770692
               22             6              35            6               -0.631427
               22             6              44            6                0.142308
               22             6              48            8                0.225476
               22             6              49            7                0.180885
               23             1              24            6                0.152021
               23             1              29            6                0.197386
               24             6              25            1                0.640617
               24             6              26            6                1.560826
               24             6              29            6               -0.443326
               24             6              30            6                0.701967
               24             6              33            6                0.173544
               24             6              44            6                0.124609
               25             1              28            6               -0.149948
               26             6              27            8                2.465741
               26             6              28            6               -0.105145
               26             6              33            6                0.251600
               26             6              44            6                0.569961
               26             6              48            8               -0.160869
               27             8              44            6               -0.272646
               28             6              29            6                0.737881
               28             6              30            6                1.150049
               28             6              31            6               -0.110644
               28             6              32            1               -0.422730
               28             6              33            6                0.301725
               28             6              35            6                0.317033
               28             6              39            8                0.135534
               28             6              44            6               -0.224193
               28             6              48            8               -0.258564
               28             6              49            7               -0.278059
               29             6              30            6               -0.579268
               29             6              31            6                1.300051
               29             6              32            1                0.928128
               29             6              33            6                0.357336
               29             6              37            8               -0.102561
               30             6              31            6                0.287981
               30             6              33            6                1.584493
               30             6              34            1                0.861922
               30             6              35            6                0.477387
               30             6              39            8               -0.330622
               30             6              40            6                0.731346
               30             6              41            1                0.388442
               30             6              48            8                0.119471
               31             6              33            6                0.127269
               31             6              35            6                1.273291
               31             6              36            1                0.796709
               33             6              35            6                1.032346
               33             6              37            8               -0.755559
               33             6              39            8                1.776392
               33             6              40            6               -0.694846
               33             6              41            1               -0.400169
               35             6              37            8                1.958091
               35             6              38            1                0.167117
               35             6              39            8               -0.482317
               37             8              38            1                0.777441
               39             8              40            6                0.636372
               40             6              41            1                0.937274
               40             6              42            1                0.946907
               40             6              43            1                0.941193
               44             6              45            1                0.840755
               44             6              46            1                0.808889
               47             8              49            7                2.041765
               48             8              49            7                1.982602
# -----------------------------------------------------------
$ SCF_Electric_Properties
   description: The SCF Calculated Electric Properties
   geom. index: 2
   prop. index: 1
       Filename                          : CURCUMIN-OPT-FREQ-Prod-1-wB97XM-V-6-311+G-D-298-cont.scfp 
       Do Dipole Moment Calculation      : true 
       Do Quadrupole Moment Calculation  : false 
       Do Polarizability Calculation     : false 
** Dipole moment part of electric properties **
        Magnitude of dipole moment (Debye) :        4.2799616228
        Electronic Contribution:
                  0    
      0       3.624932
      1       2.018809
      2      -0.159193
        Nuclear Contribution:
                  0    
      0      -2.074396
      1      -1.757212
      2       0.761437
        Total Dipole moment:
                  0    
      0       1.550535
      1       0.261598
      2       0.602244
# -----------------------------------------------------------
$ SCF_Energy
   description: The SCF energy
   geom. index: 3
   prop. index: 1
        SCF Energy:    -1468.4732228729
# -----------------------------------------------------------
$ DFT_Energy
   description: The DFT energy
   geom. index: 3
   prop. index: 1
   Number of Alpha Electrons                108.9999705615 
   Number of Beta  Electrons                107.9999167381 
   Total number of  Electrons               216.9998872995 
   Exchange energy                         -140.2529002822 
   Correlation energy                         0.0000000000 
   Correlation energy NL                      0.8149907285 
   Exchange-Correlation energy             -139.4379095537 
   Embedding correction                       0.0000000000 
   Total DFT Energy (No VdW correction)   -1468.4732228729 
# -----------------------------------------------------------
$ Solvation_Details
   description: Details concerning solvation
   geom. index: 3
   prop. index: 1
     Epsilon:                7.0000000000
     Refrac:                 1.8534100000
     RSolv:                  1.3000000000
     Surface Type:                      2
     Number of Points:               2714
     Surface Area:        1674.6462436060
     Dielectric Energy:     -0.0469368366
# -----------------------------------------------------------
$ THERMOCHEMISTRY_Energies
   description: The Thermochemistry energies
   geom. index: 3
   prop. index: 1
        Temperature (Kelvin)           :        298.1500000000
        Pressure (atm)                 :          1.0000000000
        Total Mass (AMU)               :        414.3900000000
        Spin Degeneracy                :          2.0000000000
        Electronic Energy (Hartree)    :      -1468.4732228729
        Translational Energy (Hartree) :          0.0014162714
        Rotational Energy (Hartree)    :          0.0014162714
        Vibrational Energy (Hartree)   :          0.0284093068
        Number of frequencies          :     150      
        Scaling Factor for frequencies :          1.0000000000
        Vibrational frequencies        :     
                  0    
      0       0.000000
      1       0.000000
      2       0.000000
      3       0.000000
      4       0.000000
      5       0.000000
      6      11.349671
      7      17.753260
      8      22.157169
      9      38.443540
     10      43.703098
     11      52.786648
     12      63.386721
     13      63.513994
     14      74.347680
     15      74.904345
     16      79.021661
     17      87.403102
     18     104.795507
     19     112.291647
     20     124.276885
     21     126.512807
     22     132.296239
     23     150.077402
     24     156.971704
     25     161.530903
     26     171.479282
     27     178.042633
     28     186.891320
     29     200.689646
     30     208.317293
     31     223.936623
     32     226.910819
     33     274.103622
     34     299.348615
     35     305.524746
     36     314.950188
     37     326.369864
     38     337.604094
     39     348.877710
     40     381.379838
     41     391.146533
     42     399.389944
     43     404.894690
     44     430.063012
     45     442.974070
     46     462.416496
     47     466.040205
     48     478.458921
     49     496.403344
     50     522.072760
     51     559.373537
     52     566.093892
     53     579.989220
     54     592.266531
     55     604.066353
     56     615.127570
     57     631.034959
     58     645.744856
     59     677.783338
     60     717.363425
     61     736.545969
     62     751.004031
     63     762.887327
     64     769.472439
     65     805.539425
     66     817.714993
     67     829.239241
     68     836.049354
     69     840.473025
     70     852.483843
     71     880.919227
     72     886.135404
     73     915.938520
     74     921.577109
     75     954.807125
     76     967.149435
     77     969.165648
     78     977.815521
     79     986.147007
     80     1013.143067
     81     1013.779240
     82     1020.295431
     83     1056.675913
     84     1095.638771
     85     1137.280084
     86     1158.633980
     87     1175.325603
     88     1176.324084
     89     1178.985637
     90     1187.162584
     91     1192.691623
     92     1197.580254
     93     1211.479588
     94     1220.804198
     95     1236.117569
     96     1251.593398
     97     1269.363724
     98     1284.479683
     99     1287.543656
    100     1304.662865
    101     1305.993047
    102     1314.485510
    103     1318.367639
    104     1334.179424
    105     1342.022703
    106     1347.241542
    107     1361.960542
    108     1365.600840
    109     1376.639981
    110     1448.814209
    111     1461.748028
    112     1465.410818
    113     1474.455656
    114     1483.380272
    115     1483.909232
    116     1492.077404
    117     1493.339386
    118     1494.909419
    119     1502.872099
    120     1555.669458
    121     1557.677107
    122     1622.175451
    123     1661.855178
    124     1662.462004
    125     1675.079128
    126     1684.456616
    127     1709.932002
    128     1717.935204
    129     1727.511860
    130     1755.121860
    131     3044.649050
    132     3064.017755
    133     3078.942988
    134     3119.513631
    135     3132.154674
    136     3145.022222
    137     3164.884727
    138     3176.465261
    139     3180.283352
    140     3180.594138
    141     3183.641505
    142     3188.741841
    143     3189.358023
    144     3193.602618
    145     3196.465283
    146     3204.154060
    147     3210.270597
    148     3792.039704
    149     3795.777444
        Zero Point Energy (Hartree)    :          0.3734671776
        Inner Energy (Hartree)         :      -1468.0685138457
        Enthalpy (Hartree)             :      -1468.0675696366
        Electronic entropy             :          0.0006544564
        Rotational entropy             :          0.0175084870
        Vibrational entropy            :          0.0523750024
        Translational entropy          :          0.0175084870
        Entropy                        :          0.0914226122
        Gibbs Energy (Hartree)         :      -1468.1589922488
        Is Linear                      :                 false
# -------------------------------------------------------------
----------------------- !GEOMETRIES! ------------------------
# -------------------------------------------------------------
------------------------ !GEOMETRY! -------------------------
    Number of atoms:    50 
    Geometry Index:     1 
    Coordinates:
               0 C      1.868737000000    1.485878000000    1.561272000000
               1 H      1.706137000000    2.549130000000    1.716787000000
               2 C      1.166009000000    0.586986000000    2.258744000000
               3 H      1.366246000000   -0.479103000000    2.188541000000
               4 C      0.094990000000    0.944882000000    3.214644000000
               5 O     -0.306896000000    0.119148000000    4.015521000000
               6 C      2.923725000000    1.152832000000    0.589233000000
               7 C      4.089871000000    1.916285000000    0.538370000000
               8 C      2.848711000000    0.078698000000   -0.299245000000
               9 C      5.125458000000    1.603960000000   -0.331922000000
              10 H      4.191417000000    2.765281000000    1.205776000000
              11 C      3.855964000000   -0.259885000000   -1.189454000000
              12 H      4.779661000000   -1.557943000000    2.828665000000
              13 C      5.019424000000    0.522285000000   -1.199862000000
              14 H      6.023379000000    2.214134000000   -0.352269000000
              15 O      5.972191000000    0.179758000000   -2.099162000000
              16 H      6.724626000000    0.783385000000   -2.050489000000
              17 O      3.659502000000   -1.262871000000   -2.089441000000
              18 C      4.402952000000   -2.463166000000   -1.798447000000
              19 H      4.091552000000   -2.864773000000   -0.832298000000
              20 H      4.156597000000   -3.166343000000   -2.590421000000
              21 H      5.474185000000   -2.258855000000   -1.800602000000
              22 C     -2.513358000000    0.921818000000    1.480570000000
              23 H     -2.390689000000    0.659097000000    2.528913000000
              24 C     -1.855768000000    1.984955000000    0.991183000000
              25 H     -1.974719000000    2.311800000000   -0.037784000000
              26 C     -0.935903000000    2.811676000000    1.785294000000
              27 O     -0.506030000000    3.864282000000    1.337691000000
              28 C     -3.426128000000    0.045340000000    0.742773000000
              29 C     -4.097039000000   -0.964615000000    1.436282000000
              30 C     -3.650772000000    0.169657000000   -0.636424000000
              31 C     -4.968273000000   -1.826840000000    0.781814000000
              32 H     -3.933664000000   -1.082082000000    2.503131000000
              33 C     -4.513371000000   -0.683197000000   -1.296197000000
              34 H     -3.147272000000    0.927860000000   -1.227297000000
              35 C     -5.180356000000   -1.696097000000   -0.586171000000
              36 H     -5.479937000000   -2.613242000000    1.329412000000
              37 O     -6.001231000000   -2.513446000000   -1.295026000000
              38 H     -6.406738000000   -3.170258000000   -0.714911000000
              39 O     -4.677333000000   -0.573996000000   -2.655941000000
              40 C     -5.915744000000    0.042999000000   -3.030651000000
              41 H     -5.958515000000    1.065823000000   -2.645604000000
              42 H     -5.935869000000    0.059289000000   -4.118620000000
              43 H     -6.765275000000   -0.531348000000   -2.655576000000
              44 C     -0.503892000000    2.343695000000    3.172722000000
              45 H     -1.356976000000    2.356443000000    3.855619000000
              46 H      0.232006000000    3.063031000000    3.542631000000
              47 O      1.681591000000   -1.895526000000   -0.045700000000
              48 O      0.617636000000   -0.184358000000   -0.815028000000
              49 N      1.617459000000   -0.730901000000   -0.392456000000
------------------------ !GEOMETRY! -------------------------
    Number of atoms:    50 
    Geometry Index:     2 
    Coordinates:
               0 C      1.869142104155    1.485198251340    1.560634639485
               1 H      1.705678161270    2.548388243107    1.715701405036
               2 C      1.166961513351    0.586035730991    2.258309565904
               3 H      1.368129029315   -0.479924927652    2.188732595051
               4 C      0.095232524232    0.943427319506    3.213602759299
               5 O     -0.305864314858    0.117877964336    4.015070250274
               6 C      2.924549387410    1.152584997258    0.588926382901
               7 C      4.090057728442    1.917011276852    0.537898416451
               8 C      2.850494606356    0.078109519134   -0.299237032725
               9 C      5.126036550310    1.605229619345   -0.332108684319
              10 H      4.190778032105    2.766363211527    1.204973620476
              11 C      3.858128462884   -0.260044605153   -1.189123308045
              12 H      4.782126255935   -1.555764520966    2.829500299577
              13 C      5.020949452650    0.523111393093   -1.199637832439
              14 H      6.023456744376    2.216128924720   -0.352483893659
              15 O      5.974138124269    0.180940783276   -2.098673635940
              16 H      6.726028011363    0.785268655206   -2.050154187922
              17 O      3.662645959724   -1.263418264503   -2.088933991956
              18 C      4.406949487938   -2.463087393525   -1.797603095514
              19 H      4.095452094540   -2.865270577388   -0.831711603843
              20 H      4.161892209145   -3.166341156560   -2.589911663845
              21 H      5.477974159075   -2.257649599000   -1.799055873645
              22 C     -2.514747835853    0.921403906981    1.480414034746
              23 H     -2.392403233007    0.659082650272    2.528882212330
              24 C     -1.856182488247    1.983771524551    0.990634316749
              25 H     -1.974787330331    2.310232186759   -0.038493366845
              26 C     -0.935924501773    2.810260519766    1.784496866554
              27 O     -0.505089469618    3.862245796558    1.336346584630
              28 C     -3.428180978912    0.045392029653    0.742871218471
              29 C     -4.099741263043   -0.963961941151    1.436621425830
              30 C     -3.652799797657    0.169643176549   -0.636339637245
              31 C     -4.971528471551   -1.825751122943    0.782331134194
              32 H     -3.936413397692   -1.081275561613    2.503492743103
              33 C     -4.515957348392   -0.682819643400   -1.295912151225
              34 H     -3.148914199574    0.927427252009   -1.227410808596
              35 C     -5.183525190542   -1.695182366552   -0.585688013894
              36 H     -5.483737558992   -2.611687571018    1.330089894808
              37 O     -6.004894592764   -2.512185100564   -1.294371251743
              38 H     -6.410691000688   -3.168722919296   -0.714144659903
              39 O     -4.679910715785   -0.573735762602   -2.655677010926
              40 C     -5.918013934086    0.043880043766   -3.030400926518
              41 H     -5.960234552593    1.066781512900   -2.645501361212
              42 H     -5.938171935652    0.060033348746   -4.118373155432
              43 H     -6.767838025054   -0.529957953325   -2.655210290242
              44 C     -0.503628358151    2.342241684824    3.171823228737
              45 H     -1.356483704831    2.355134409153    3.854996242457
              46 H      0.232475939599    3.061498043560    3.541503205535
              47 O      1.685005097929   -1.896995395577   -0.045389046691
              48 O      0.619720843758   -0.186876052909   -0.815283898725
              49 N      1.619939719515   -0.732489540041   -0.392432659546
------------------------ !GEOMETRY! -------------------------
    Number of atoms:    50 
    Geometry Index:     3 
    Coordinates:
               0 C      1.869142104155    1.485198251340    1.560634639485
               1 H      1.705678161270    2.548388243107    1.715701405036
               2 C      1.166961513351    0.586035730991    2.258309565904
               3 H      1.368129029315   -0.479924927652    2.188732595051
               4 C      0.095232524232    0.943427319506    3.213602759299
               5 O     -0.305864314858    0.117877964336    4.015070250274
               6 C      2.924549387410    1.152584997258    0.588926382901
               7 C      4.090057728442    1.917011276852    0.537898416451
               8 C      2.850494606356    0.078109519134   -0.299237032725
               9 C      5.126036550310    1.605229619345   -0.332108684319
              10 H      4.190778032105    2.766363211527    1.204973620476
              11 C      3.858128462884   -0.260044605153   -1.189123308045
              12 H      4.782126255935   -1.555764520966    2.829500299577
              13 C      5.020949452650    0.523111393093   -1.199637832439
              14 H      6.023456744376    2.216128924720   -0.352483893659
              15 O      5.974138124269    0.180940783276   -2.098673635940
              16 H      6.726028011363    0.785268655206   -2.050154187922
              17 O      3.662645959724   -1.263418264503   -2.088933991956
              18 C      4.406949487938   -2.463087393525   -1.797603095514
              19 H      4.095452094540   -2.865270577388   -0.831711603843
              20 H      4.161892209145   -3.166341156560   -2.589911663845
              21 H      5.477974159075   -2.257649599000   -1.799055873645
              22 C     -2.514747835853    0.921403906981    1.480414034746
              23 H     -2.392403233007    0.659082650272    2.528882212330
              24 C     -1.856182488247    1.983771524551    0.990634316749
              25 H     -1.974787330331    2.310232186759   -0.038493366845
              26 C     -0.935924501773    2.810260519766    1.784496866554
              27 O     -0.505089469618    3.862245796558    1.336346584630
              28 C     -3.428180978912    0.045392029653    0.742871218471
              29 C     -4.099741263043   -0.963961941151    1.436621425830
              30 C     -3.652799797657    0.169643176549   -0.636339637245
              31 C     -4.971528471551   -1.825751122943    0.782331134194
              32 H     -3.936413397692   -1.081275561613    2.503492743103
              33 C     -4.515957348392   -0.682819643400   -1.295912151225
              34 H     -3.148914199574    0.927427252009   -1.227410808596
              35 C     -5.183525190542   -1.695182366552   -0.585688013894
              36 H     -5.483737558992   -2.611687571018    1.330089894808
              37 O     -6.004894592764   -2.512185100564   -1.294371251743
              38 H     -6.410691000688   -3.168722919296   -0.714144659903
              39 O     -4.679910715785   -0.573735762602   -2.655677010926
              40 C     -5.918013934086    0.043880043766   -3.030400926518
              41 H     -5.960234552593    1.066781512900   -2.645501361212
              42 H     -5.938171935652    0.060033348746   -4.118373155432
              43 H     -6.767838025054   -0.529957953325   -2.655210290242
              44 C     -0.503628358151    2.342241684824    3.171823228737
              45 H     -1.356483704831    2.355134409153    3.854996242457
              46 H      0.232475939599    3.061498043560    3.541503205535
              47 O      1.685005097929   -1.896995395577   -0.045389046691
              48 O      0.619720843758   -0.186876052909   -0.815283898725
              49 N      1.619939719515   -0.732489540041   -0.392432659546
