*************************************************
******************* ORCA 6.0.1 ******************
*************************************************
$Calculation_Status
   &GeometryIndex 0
   &ListStatus       OUT
   &VERSION [&Type "String"] "6.0.1"
   &PROGNAME [&Type "String"] "orca"
   &STATUS [&Type "String"] "Running"
$End
$THERMOCHEMISTRY_Energies
   &GeometryIndex 0
   &ListStatus       FIRST
   &TEMPERATURE [&Type "Double"]       2.9814999999999998e+02
   &PRESSURE [&Type "Double"]       1.0000000000000000e+00
   &TOTALMASS [&Type "Double"]       4.1439000000000004e+02
   &SPINDEGENERACY [&Type "Integer"] 2
   &ELENERGY [&Type "Double"]       0.0000000000000000e+00
   &TRANSENERGY [&Type "Double"]       1.4162714244859817e-03
   &ROTENERGY [&Type "Double"]       1.4162714244859817e-03
   &VIBENERGY [&Type "Double"]       2.7576337038506409e-02
   &NUMOFFREQS [&Type "Integer"] 150
   &FREQSCALINGFACTOR [&Type "Double"]       1.0000000000000000e+00
   &FREQ [&Type "ArrayOfDoubles", &Dim (150,1)] "In cm^-1"
                                                         0

0                                      0.0000000000000000e+00
1                                      0.0000000000000000e+00
2                                      0.0000000000000000e+00
3                                      0.0000000000000000e+00
4                                      0.0000000000000000e+00
5                                      0.0000000000000000e+00
6                                     -1.7385877595758377e+03
7                                      8.1348957687895513e+00
8                                      2.0530583604609095e+01
9                                      2.3479171502935557e+01
10                                     2.9303938378146103e+01
11                                     3.1788892187465922e+01
12                                     4.7605092473080248e+01
13                                     4.9698717558502842e+01
14                                     5.4616172041387607e+01
15                                     6.1815668272585313e+01
16                                     7.1649419712621949e+01
17                                     8.4509898889511248e+01
18                                     8.8659316681707324e+01
19                                     1.0588389453063007e+02
20                                     1.1472926803209496e+02
21                                     1.3181549710969921e+02
22                                     1.3488087139063444e+02
23                                     1.4388024541063868e+02
24                                     1.5095998353205664e+02
25                                     1.5605673606034415e+02
26                                     1.7177245475134319e+02
27                                     1.7330568341412896e+02
28                                     1.7755972550429217e+02
29                                     1.9959140914873677e+02
30                                     2.0880298833031878e+02
31                                     2.1396119431047666e+02
32                                     2.5163654192285514e+02
33                                     2.9990726736986960e+02
34                                     3.0048324857174515e+02
35                                     3.1726774155599082e+02
36                                     3.2023941785606780e+02
37                                     3.3527951693366418e+02
38                                     3.3835892931190176e+02
39                                     3.8068409540679522e+02
40                                     3.8850134832464408e+02
41                                     3.9552525044845555e+02
42                                     3.9785521848295144e+02
43                                     4.0352437763174930e+02
44                                     4.2104965487166555e+02
45                                     4.6789242201524837e+02
46                                     4.7460420887892309e+02
47                                     5.0066179230049977e+02
48                                     5.0422439585504384e+02
49                                     5.3996680866767804e+02
50                                     5.5779530833127114e+02
51                                     5.6666063001795681e+02
52                                     5.7738350132751395e+02
53                                     5.9255287282651432e+02
54                                     5.9505546502937716e+02
55                                     6.1171703842361444e+02
56                                     6.2771965849211972e+02
57                                     6.4765944478626375e+02
58                                     6.7728420775056759e+02
59                                     7.1372040146058987e+02
60                                     7.1945301064175976e+02
61                                     7.5400326120585942e+02
62                                     7.5631967095403627e+02
63                                     7.7127136505673400e+02
64                                     7.7205481391264641e+02
65                                     8.1810120577419320e+02
66                                     8.2054860076750447e+02
67                                     8.2211548167877993e+02
68                                     8.3448982460300874e+02
69                                     8.3678833107976789e+02
70                                     8.6349684542666830e+02
71                                     8.7693652990605358e+02
72                                     9.0250302363312971e+02
73                                     9.1965474102762903e+02
74                                     9.2127526490876858e+02
75                                     9.2709108767360055e+02
76                                     9.6407521393600052e+02
77                                     9.6775198326422651e+02
78                                     9.6910665474401799e+02
79                                     9.7390856882896674e+02
80                                     9.8789233499910370e+02
81                                     1.0123088265010909e+03
82                                     1.0192467096592901e+03
83                                     1.0558501657377628e+03
84                                     1.0563761035705686e+03
85                                     1.0916747344077057e+03
86                                     1.1431304871100649e+03
87                                     1.1440551354683726e+03
88                                     1.1682192137863271e+03
89                                     1.1755844930521034e+03
90                                     1.1759292732793435e+03
91                                     1.1878019899913659e+03
92                                     1.1892944767980878e+03
93                                     1.2027727201867347e+03
94                                     1.2041225042414412e+03
95                                     1.2209650790953563e+03
96                                     1.2224540856662773e+03
97                                     1.2488268036637239e+03
98                                     1.2725505717746651e+03
99                                     1.2816448035973867e+03
100                                    1.2887498872716994e+03
101                                    1.2932566199193927e+03
102                                    1.2966142346092340e+03
103                                    1.3118103824749812e+03
104                                    1.3138142194664456e+03
105                                    1.3208925436551690e+03
106                                    1.3304348422211458e+03
107                                    1.3623591997294009e+03
108                                    1.3651203909103635e+03
109                                    1.3789356160779610e+03
110                                    1.3804389976231178e+03
111                                    1.3812931924977865e+03
112                                    1.4655158982158428e+03
113                                    1.4663895701716906e+03
114                                    1.4838792602848810e+03
115                                    1.4845247772283356e+03
116                                    1.4925268417003228e+03
117                                    1.4936135006968102e+03
118                                    1.4944785447205493e+03
119                                    1.4948750833136833e+03
120                                    1.5586920296414053e+03
121                                    1.5597854555965296e+03
122                                    1.6614575939307276e+03
123                                    1.6621488660069870e+03
124                                    1.6694492468851852e+03
125                                    1.6735545709982414e+03
126                                    1.6822277145751027e+03
127                                    1.7027064596924301e+03
128                                    1.7051327513641897e+03
129                                    1.7124387828081244e+03
130                                    1.7304682539158043e+03
131                                    3.0451336067988418e+03
132                                    3.0456185632045494e+03
133                                    3.1200345673034135e+03
134                                    3.1209823901699774e+03
135                                    3.1385209613616307e+03
136                                    3.1642769307856620e+03
137                                    3.1660414855153940e+03
138                                    3.1664883256682651e+03
139                                    3.1717104733121887e+03
140                                    3.1816146396644604e+03
141                                    3.1833500961755781e+03
142                                    3.1897220518979834e+03
143                                    3.1948624526328958e+03
144                                    3.1968848166775451e+03
145                                    3.1985194191927376e+03
146                                    3.2062475746689652e+03
147                                    3.2063811705254316e+03
148                                    3.7983431424190671e+03
149                                    3.8002630236229274e+03
   &ZPE [&Type "Double"]       3.7276387867672273e-01
   &INNERENERGYU [&Type "Double"]       4.0317275856420109e-01
   &ENTHALPYH [&Type "Double"]       4.0411696760645993e-01
   &QEL [&Type "Double"]       6.5445636319338377e-04
   &QROT [&Type "Double"]       1.7934805247299308e-02
   &QVIB [&Type "Double"]       5.1074209623090040e-02
   &QTRANS [&Type "Double"]       2.0884666507475374e-02
   &ENTROPYS [&Type "Double"]       9.0548137741058105e-02
   &FREEENERGYG [&Type "Double"]       3.1356882986540180e-01
   &ISLINEAR [&Type "Boolean"] false
$End
$THERMOCHEMISTRY_Energies
   &GeometryIndex 0
   &ListStatus       LAST
   &temperature [&Type "Double"]       3.6314999999999998e+02
   &pressure [&Type "Double"]       1.0000000000000000e+00
   &totalMass [&Type "Double"]       4.1439000000000004e+02
   &spinDegeneracy [&Type "Integer"] 2
   &elEnergy [&Type "Double"]       0.0000000000000000e+00
   &transEnergy [&Type "Double"]       1.7250342706761172e-03
   &rotEnergy [&Type "Double"]       1.7250342706761172e-03
   &vibEnergy [&Type "Double"]       3.9287077349660297e-02
   &numOfFreqs [&Type "Integer"] 150
   &freqScalingFactor [&Type "Double"]       1.0000000000000000e+00
   &FREQ [&Type "ArrayOfDoubles", &Dim (150,1)] "In cm^-1"
                                                         0

0                                      0.0000000000000000e+00
1                                      0.0000000000000000e+00
2                                      0.0000000000000000e+00
3                                      0.0000000000000000e+00
4                                      0.0000000000000000e+00
5                                      0.0000000000000000e+00
6                                     -1.7385877595758377e+03
7                                      8.1348957687895513e+00
8                                      2.0530583604609095e+01
9                                      2.3479171502935557e+01
10                                     2.9303938378146103e+01
11                                     3.1788892187465922e+01
12                                     4.7605092473080248e+01
13                                     4.9698717558502842e+01
14                                     5.4616172041387607e+01
15                                     6.1815668272585313e+01
16                                     7.1649419712621949e+01
17                                     8.4509898889511248e+01
18                                     8.8659316681707324e+01
19                                     1.0588389453063007e+02
20                                     1.1472926803209496e+02
21                                     1.3181549710969921e+02
22                                     1.3488087139063444e+02
23                                     1.4388024541063868e+02
24                                     1.5095998353205664e+02
25                                     1.5605673606034415e+02
26                                     1.7177245475134319e+02
27                                     1.7330568341412896e+02
28                                     1.7755972550429217e+02
29                                     1.9959140914873677e+02
30                                     2.0880298833031878e+02
31                                     2.1396119431047666e+02
32                                     2.5163654192285514e+02
33                                     2.9990726736986960e+02
34                                     3.0048324857174515e+02
35                                     3.1726774155599082e+02
36                                     3.2023941785606780e+02
37                                     3.3527951693366418e+02
38                                     3.3835892931190176e+02
39                                     3.8068409540679522e+02
40                                     3.8850134832464408e+02
41                                     3.9552525044845555e+02
42                                     3.9785521848295144e+02
43                                     4.0352437763174930e+02
44                                     4.2104965487166555e+02
45                                     4.6789242201524837e+02
46                                     4.7460420887892309e+02
47                                     5.0066179230049977e+02
48                                     5.0422439585504384e+02
49                                     5.3996680866767804e+02
50                                     5.5779530833127114e+02
51                                     5.6666063001795681e+02
52                                     5.7738350132751395e+02
53                                     5.9255287282651432e+02
54                                     5.9505546502937716e+02
55                                     6.1171703842361444e+02
56                                     6.2771965849211972e+02
57                                     6.4765944478626375e+02
58                                     6.7728420775056759e+02
59                                     7.1372040146058987e+02
60                                     7.1945301064175976e+02
61                                     7.5400326120585942e+02
62                                     7.5631967095403627e+02
63                                     7.7127136505673400e+02
64                                     7.7205481391264641e+02
65                                     8.1810120577419320e+02
66                                     8.2054860076750447e+02
67                                     8.2211548167877993e+02
68                                     8.3448982460300874e+02
69                                     8.3678833107976789e+02
70                                     8.6349684542666830e+02
71                                     8.7693652990605358e+02
72                                     9.0250302363312971e+02
73                                     9.1965474102762903e+02
74                                     9.2127526490876858e+02
75                                     9.2709108767360055e+02
76                                     9.6407521393600052e+02
77                                     9.6775198326422651e+02
78                                     9.6910665474401799e+02
79                                     9.7390856882896674e+02
80                                     9.8789233499910370e+02
81                                     1.0123088265010909e+03
82                                     1.0192467096592901e+03
83                                     1.0558501657377628e+03
84                                     1.0563761035705686e+03
85                                     1.0916747344077057e+03
86                                     1.1431304871100649e+03
87                                     1.1440551354683726e+03
88                                     1.1682192137863271e+03
89                                     1.1755844930521034e+03
90                                     1.1759292732793435e+03
91                                     1.1878019899913659e+03
92                                     1.1892944767980878e+03
93                                     1.2027727201867347e+03
94                                     1.2041225042414412e+03
95                                     1.2209650790953563e+03
96                                     1.2224540856662773e+03
97                                     1.2488268036637239e+03
98                                     1.2725505717746651e+03
99                                     1.2816448035973867e+03
100                                    1.2887498872716994e+03
101                                    1.2932566199193927e+03
102                                    1.2966142346092340e+03
103                                    1.3118103824749812e+03
104                                    1.3138142194664456e+03
105                                    1.3208925436551690e+03
106                                    1.3304348422211458e+03
107                                    1.3623591997294009e+03
108                                    1.3651203909103635e+03
109                                    1.3789356160779610e+03
110                                    1.3804389976231178e+03
111                                    1.3812931924977865e+03
112                                    1.4655158982158428e+03
113                                    1.4663895701716906e+03
114                                    1.4838792602848810e+03
115                                    1.4845247772283356e+03
116                                    1.4925268417003228e+03
117                                    1.4936135006968102e+03
118                                    1.4944785447205493e+03
119                                    1.4948750833136833e+03
120                                    1.5586920296414053e+03
121                                    1.5597854555965296e+03
122                                    1.6614575939307276e+03
123                                    1.6621488660069870e+03
124                                    1.6694492468851852e+03
125                                    1.6735545709982414e+03
126                                    1.6822277145751027e+03
127                                    1.7027064596924301e+03
128                                    1.7051327513641897e+03
129                                    1.7124387828081244e+03
130                                    1.7304682539158043e+03
131                                    3.0451336067988418e+03
132                                    3.0456185632045494e+03
133                                    3.1200345673034135e+03
134                                    3.1209823901699774e+03
135                                    3.1385209613616307e+03
136                                    3.1642769307856620e+03
137                                    3.1660414855153940e+03
138                                    3.1664883256682651e+03
139                                    3.1717104733121887e+03
140                                    3.1816146396644604e+03
141                                    3.1833500961755781e+03
142                                    3.1897220518979834e+03
143                                    3.1948624526328958e+03
144                                    3.1968848166775451e+03
145                                    3.1985194191927376e+03
146                                    3.2062475746689652e+03
147                                    3.2063811705254316e+03
148                                    3.7983431424190671e+03
149                                    3.8002630236229274e+03
   &zpe [&Type "Double"]       3.7276387867672273e-01
   &innerEnergyU [&Type "Double"]       4.1550102456773524e-01
   &enthalpyH [&Type "Double"]       4.1665108163195219e-01
   &qEl [&Type "Double"]       7.9713509405895477e-04
   &qRot [&Type "Double"]       2.2185001274465231e-02
   &qVib [&Type "Double"]       7.3624438101225889e-02
   &qTrans [&Type "Double"]       2.6004771590021090e-02
   &entropyS [&Type "Double"]       1.2261134605977117e-01
   &freeEnergyG [&Type "Double"]       2.9403973557218099e-01
   &isLinear [&Type "Boolean"] false
$End
