-------------------------------------------------------------
----------------------- !PROPERTIES! ------------------------
-------------------------------------------------------------
# -----------------------------------------------------------
$ SCF_Energy
   description: The SCF energy
   geom. index: 1
   prop. index: 1
        SCF Energy:    -1468.5377389293
# -----------------------------------------------------------
$ DFT_Energy
   description: The DFT energy
   geom. index: 1
   prop. index: 1
   Number of Alpha Electrons                109.0000094532 
   Number of Beta  Electrons                108.0000093249 
   Total number of  Electrons               217.0000187781 
   Exchange energy                         -140.2936281908 
   Correlation energy                         0.0000000000 
   Correlation energy NL                      0.8158132766 
   Exchange-Correlation energy             -139.4778149142 
   Embedding correction                       0.0000000000 
   Total DFT Energy (No VdW correction)   -1468.5377389293 
# -----------------------------------------------------------
$ Solvation_Details
   description: Details concerning solvation
   geom. index: 1
   prop. index: 1
     Epsilon:                7.0000000000
     Refrac:                 1.8534100000
     RSolv:                  1.3000000000
     Surface Type:                      2
     Number of Points:               2649
     Surface Area:        1628.6208752413
     Dielectric Energy:     -0.0491501701
# -----------------------------------------------------------
$ Mayer_Pop
   description: The Mayer population analysis
   geom. index: 1
   prop. index: 1
     Number of atoms                     : 50
     Threshold for printing              : 0.1000000
     Number of bond orders printed       : 164
  NA   - Mulliken gross atomic population
  ZA   - Total nuclear charge
  QA   - Mulliken gross atomic charge
  VA   - Mayer's total valence
  BVA  - Mayer's bonded valence
  FA   - Mayer's free valence
  ATOM       NA         ZA         QA         VA         BVA        FA
  0   0     5.7559     6.0000     0.2441     5.7718     5.7574     0.0144
  1   0     0.7008     1.0000     0.2992     0.8784     0.8784     0.0000
  2   0     6.5284     6.0000    -0.5284     5.8611     5.8198     0.0413
  3   0     0.7113     1.0000     0.2887     0.8951     0.8950     0.0001
  4   0     6.2994     6.0000    -0.2994     4.7139     4.7134     0.0005
  5   0     8.2934     8.0000    -0.2934     2.1111     2.1071     0.0040
  6   0     5.2848     6.0000     0.7152     1.4450     1.3401     0.1049
  7   0     6.8511     6.0000    -0.8511     3.0928     3.0617     0.0311
  8   0     6.2554     6.0000    -0.2554     3.7703     3.7693     0.0010
  9   0     6.0826     6.0000    -0.0826     3.2093     3.0357     0.1736
 10   0     0.6936     1.0000     0.3064     0.8781     0.8781     0.0000
 11   0     5.8758     6.0000     0.1242     2.7923     2.7004     0.0919
 12   0     0.6514     1.0000     0.3486     0.8968     0.8959     0.0009
 13   0     6.4726     6.0000    -0.4726     4.4455     4.4249     0.0206
 14   0     0.6946     1.0000     0.3054     0.8800     0.8796     0.0004
 15   0     8.4190     8.0000    -0.4190     1.8350     1.8346     0.0004
 16   0     0.5951     1.0000     0.4049     0.8266     0.8266     0.0000
 17   0     8.0167     8.0000    -0.0167     1.6843     1.6834     0.0009
 18   0     6.7097     6.0000    -0.7097     3.4055     3.4054     0.0001
 19   0     0.7365     1.0000     0.2635     0.8881     0.8881     0.0000
 20   0     0.7285     1.0000     0.2715     0.8940     0.8940    -0.0000
 21   0     0.7207     1.0000     0.2793     0.8731     0.8731     0.0000
 22   0     5.1748     6.0000     0.8252     3.6006     3.6004     0.0002
 23   0     0.7132     1.0000     0.2868     0.8856     0.8856     0.0000
 24   0     6.4121     6.0000    -0.4121     5.5589     5.5586     0.0003
 25   0     0.7185     1.0000     0.2815     0.8976     0.8976    -0.0000
 26   0     6.2652     6.0000    -0.2652     4.6015     4.6010     0.0005
 27   0     8.3205     8.0000    -0.3205     2.0600     2.0600     0.0000
 28   0     5.1784     6.0000     0.8216     2.6407     2.6405     0.0002
 29   0     6.6543     6.0000    -0.6543     3.6026     3.6026     0.0000
 30   0     7.7051     6.0000    -1.7051     5.8044     5.8043     0.0001
 31   0     6.1876     6.0000    -0.1876     3.4176     3.4176     0.0000
 32   0     0.7069     1.0000     0.2931     0.8849     0.8849     0.0000
 33   0     5.2580     6.0000     0.7420     2.0993     2.0991     0.0002
 34   0     0.7046     1.0000     0.2954     0.8896     0.8896     0.0000
 35   0     6.3868     6.0000    -0.3868     4.4004     4.4004     0.0000
 36   0     0.7131     1.0000     0.2869     0.8905     0.8905     0.0000
 37   0     8.4343     8.0000    -0.4343     1.8236     1.8236     0.0000
 38   0     0.5954     1.0000     0.4046     0.8268     0.8268     0.0000
 39   0     8.0693     8.0000    -0.0693     1.5685     1.5685     0.0000
 40   0     6.7473     6.0000    -0.7473     3.4977     3.4977     0.0000
 41   0     0.7400     1.0000     0.2600     0.8856     0.8856     0.0000
 42   0     0.7295     1.0000     0.2705     0.8923     0.8923     0.0000
 43   0     0.7360     1.0000     0.2640     0.8825     0.8825     0.0000
 44   0     6.3346     6.0000    -0.3346     2.3548     2.3548     0.0000
 45   0     0.6635     1.0000     0.3365     0.8757     0.8757     0.0000
 46   0     0.6639     1.0000     0.3361     0.8745     0.8745     0.0000
 47   0     7.9987     8.0000     0.0013     2.3072     2.3070     0.0002
 48   0     8.0584     8.0000    -0.0584     2.3610     2.3609     0.0001
 49   0     7.0523     7.0000    -0.0523     4.4560     4.4537     0.0023
      Bond orders larger than 0.1000000
           Atom A     A.N. of A          Atom B    A.N. of B              Bond order
                0             6               1            1                0.508602
                0             6               2            6                2.636055
                0             6               3            1                0.370804
                0             6               4            6               -0.231355
                0             6               6            6                1.487519
                0             6               7            6                1.243120
                0             6               8            6                0.301026
                0             6               9            6               -0.152394
                0             6              10            1                0.482653
                0             6              13            6               -0.412972
                0             6              17            8               -0.224515
                0             6              22            6                0.111876
                0             6              26            6               -0.363412
                0             6              27            8               -0.210346
                0             6              28            6               -0.116839
                0             6              44            6                0.371860
                0             6              47            8               -0.171778
                0             6              48            8                0.232236
                0             6              49            7               -0.106242
                1             1               2            6                0.136441
                1             1               6            6                0.106180
                1             1               7            6                0.185077
                2             6               3            1                0.624629
                2             6               4            6                1.584203
                2             6               5            8               -0.337195
                2             6               6            6                0.227998
                2             6               7            6               -0.270643
                2             6               8            6                0.600274
                2             6              24            6                0.668610
                2             6              26            6               -0.126770
                2             6              27            8               -0.105437
                2             6              33            6               -0.182590
                2             6              44            6                0.156335
                2             6              49            7                0.218667
                3             1               4            6               -0.113699
                4             6               5            8                2.692898
                4             6               7            6               -0.121885
                4             6               8            6               -0.187005
                4             6              11            6                0.212390
                4             6              22            6               -0.131889
                4             6              24            6               -0.153685
                4             6              26            6                0.565853
                4             6              28            6               -0.111406
                4             6              44            6                0.329478
                5             8              22            6               -0.137218
                5             8              24            6               -0.105088
                5             8              44            6               -0.231454
                6             6               8            6               -0.141072
                6             6               9            6               -0.175071
                6             6              10            1               -0.608637
                6             6              12            1               -0.196097
                6             6              17            8                0.227006
                6             6              24            6               -0.210684
                6             6              26            6                0.176710
                6             6              27            8                0.213140
                6             6              29            6               -0.115189
                6             6              44            6               -0.406321
                6             6              47            8                0.152187
                6             6              48            8                0.206387
                7             6               8            6               -0.437067
                7             6               9            6                1.176694
                7             6              10            1                1.047307
                7             6              11            6                0.445838
                7             6              13            6                0.208563
                7             6              48            8               -0.152395
                8             6               9            6                0.111890
                8             6              11            6                0.657503
                8             6              12            1                1.172925
                8             6              13            6                0.117952
                8             6              18            6                0.726067
                8             6              19            1                0.446590
                8             6              21            1               -0.107018
                8             6              24            6                0.125564
                8             6              26            6               -0.117522
                8             6              47            8                0.207034
                8             6              48            8               -0.212003
                8             6              49            7                0.461254
                9             6              11            6                0.186960
                9             6              13            6                1.159890
                9             6              14            1                0.784805
                9             6              15            8               -0.155549
               11             6              12            1               -0.134277
               11             6              13            6                1.507870
               11             6              15            8               -0.772214
               11             6              17            8                1.590136
               11             6              18            6               -0.636434
               11             6              19            1               -0.332389
               13             6              15            8                2.046802
               13             6              16            1                0.167556
               13             6              17            8               -0.443233
               15             8              16            1                0.775420
               17             8              18            6                0.576593
               18             6              19            1                0.943122
               18             6              20            1                0.947292
               18             6              21            1                0.928199
               22             6              23            1                0.340059
               22             6              24            6                2.518852
               22             6              25            1                0.300182
               22             6              28            6                0.818357
               22             6              29            6                0.734542
               22             6              30            6               -1.180271
               22             6              31            6               -0.152373
               22             6              32            1                0.422480
               22             6              33            6                0.912685
               22             6              35            6               -1.119048
               22             6              44            6                0.240939
               23             1              28            6                0.278020
               23             1              29            6                0.260850
               23             1              30            6               -0.155306
               24             6              25            1                0.651482
               24             6              26            6                1.478998
               24             6              27            8               -0.461584
               24             6              29            6               -0.404318
               24             6              30            6                0.635690
               24             6              31            6                0.103631
               24             6              33            6                0.230337
               24             6              44            6                0.371983
               25             1              28            6               -0.121463
               25             1              30            6                0.120619
               26             6              27            8                2.716825
               26             6              44            6                0.286355
               27             8              44            6               -0.186102
               28             6              29            6                0.928667
               28             6              30            6                2.201554
               28             6              31            6               -0.148073
               28             6              32            1               -0.424951
               28             6              33            6               -1.245171
               28             6              34            1               -0.107277
               28             6              35            6                0.775647
               28             6              39            8                0.163611
               28             6              44            6               -0.227172
               29             6              30            6               -0.346357
               29             6              31            6                1.326736
               29             6              32            1                0.906643
               29             6              33            6                0.223566
               29             6              35            6                0.118197
               29             6              44            6               -0.107623
               30             6              31            6                0.322894
               30             6              33            6                1.505867
               30             6              34            1                0.865993
               30             6              35            6                0.676946
               30             6              39            8               -0.311968
               30             6              40            6                1.009299
               30             6              41            1                0.492821
               31             6              35            6                1.294984
               31             6              36            1                0.781892
               33             6              35            6                0.839408
               33             6              37            8               -0.704014
               33             6              39            8                1.726657
               33             6              40            6               -0.980833
               33             6              41            1               -0.510645
               35             6              37            8                1.931715
               35             6              38            1                0.164191
               35             6              39            8               -0.492151
               37             8              38            1                0.777133
               39             8              40            6                0.644365
               40             6              41            1                0.936949
               40             6              42            1                0.946336
               40             6              43            1                0.937061
               44             6              45            1                0.858541
               44             6              46            1                0.812667
               47             8              48            8                0.151098
               47             8              49            7                2.036447
               48             8              49            7                2.021029
# -----------------------------------------------------------
$ SCF_Energy
   description: The SCF energy
   geom. index: 2
   prop. index: 1
        SCF Energy:    -1468.5377426613
# -----------------------------------------------------------
$ DFT_Energy
   description: The DFT energy
   geom. index: 2
   prop. index: 1
   Number of Alpha Electrons                109.0000088331 
   Number of Beta  Electrons                108.0000088010 
   Total number of  Electrons               217.0000176342 
   Exchange energy                         -140.2936656170 
   Correlation energy                         0.0000000000 
   Correlation energy NL                      0.8158111847 
   Exchange-Correlation energy             -139.4778544322 
   Embedding correction                       0.0000000000 
   Total DFT Energy (No VdW correction)   -1468.5377426613 
# -----------------------------------------------------------
$ Solvation_Details
   description: Details concerning solvation
   geom. index: 2
   prop. index: 1
     Epsilon:                7.0000000000
     Refrac:                 1.8534100000
     RSolv:                  1.3000000000
     Surface Type:                      2
     Number of Points:               2648
     Surface Area:        1628.4948023350
     Dielectric Energy:     -0.0491402771
# -----------------------------------------------------------
$ Mayer_Pop
   description: The Mayer population analysis
   geom. index: 2
   prop. index: 1
     Number of atoms                     : 50
     Threshold for printing              : 0.1000000
     Number of bond orders printed       : 161
  NA   - Mulliken gross atomic population
  ZA   - Total nuclear charge
  QA   - Mulliken gross atomic charge
  VA   - Mayer's total valence
  BVA  - Mayer's bonded valence
  FA   - Mayer's free valence
  ATOM       NA         ZA         QA         VA         BVA        FA
  0   0     5.7545     6.0000     0.2455     5.5995     5.5854     0.0141
  1   0     0.7009     1.0000     0.2991     0.8786     0.8786     0.0000
  2   0     6.4862     6.0000    -0.4862     5.7804     5.7392     0.0412
  3   0     0.7113     1.0000     0.2887     0.8951     0.8950     0.0001
  4   0     6.3389     6.0000    -0.3389     4.7637     4.7634     0.0003
  5   0     8.2935     8.0000    -0.2935     2.1120     2.1080     0.0040
  6   0     5.3003     6.0000     0.6997     1.6118     1.5058     0.1060
  7   0     6.8602     6.0000    -0.8602     3.1706     3.1404     0.0302
  8   0     6.2157     6.0000    -0.2157     3.6769     3.6755     0.0014
  9   0     6.0773     6.0000    -0.0773     3.2483     3.0746     0.1737
 10   0     0.6937     1.0000     0.3063     0.8781     0.8781     0.0000
 11   0     5.8979     6.0000     0.1021     2.8460     2.7531     0.0929
 12   0     0.6513     1.0000     0.3487     0.8967     0.8958     0.0009
 13   0     6.4843     6.0000    -0.4843     4.4517     4.4311     0.0206
 14   0     0.6947     1.0000     0.3053     0.8801     0.8797     0.0004
 15   0     8.4194     8.0000    -0.4194     1.8353     1.8349     0.0004
 16   0     0.5952     1.0000     0.4048     0.8265     0.8265     0.0000
 17   0     8.0180     8.0000    -0.0180     1.6852     1.6843     0.0009
 18   0     6.7080     6.0000    -0.7080     3.4059     3.4058     0.0001
 19   0     0.7368     1.0000     0.2632     0.8883     0.8883     0.0000
 20   0     0.7286     1.0000     0.2714     0.8940     0.8940     0.0000
 21   0     0.7206     1.0000     0.2794     0.8730     0.8730     0.0000
 22   0     5.1871     6.0000     0.8129     3.6247     3.6247     0.0000
 23   0     0.7133     1.0000     0.2867     0.8858     0.8858     0.0000
 24   0     6.3955     6.0000    -0.3955     5.5210     5.5208     0.0002
 25   0     0.7185     1.0000     0.2815     0.8975     0.8975     0.0000
 26   0     6.2806     6.0000    -0.2806     4.6268     4.6265     0.0003
 27   0     8.3205     8.0000    -0.3205     2.0606     2.0606     0.0000
 28   0     5.1769     6.0000     0.8231     2.6787     2.6786     0.0001
 29   0     6.6615     6.0000    -0.6615     3.6237     3.6237     0.0000
 30   0     7.7118     6.0000    -1.7118     5.8054     5.8054     0.0000
 31   0     6.1770     6.0000    -0.1770     3.4111     3.4111     0.0000
 32   0     0.7069     1.0000     0.2931     0.8850     0.8850     0.0000
 33   0     5.2499     6.0000     0.7501     2.0881     2.0881     0.0000
 34   0     0.7046     1.0000     0.2954     0.8896     0.8896     0.0000
 35   0     6.3842     6.0000    -0.3842     4.4050     4.4050     0.0000
 36   0     0.7131     1.0000     0.2869     0.8906     0.8906     0.0000
 37   0     8.4342     8.0000    -0.4342     1.8238     1.8238     0.0000
 38   0     0.5955     1.0000     0.4045     0.8268     0.8268     0.0000
 39   0     8.0694     8.0000    -0.0694     1.5684     1.5684     0.0000
 40   0     6.7472     6.0000    -0.7472     3.4976     3.4976     0.0000
 41   0     0.7400     1.0000     0.2600     0.8856     0.8856     0.0000
 42   0     0.7295     1.0000     0.2705     0.8923     0.8923     0.0000
 43   0     0.7360     1.0000     0.2640     0.8825     0.8825    -0.0000
 44   0     6.3234     6.0000    -0.3234     2.3402     2.3402     0.0000
 45   0     0.6633     1.0000     0.3367     0.8756     0.8756     0.0000
 46   0     0.6636     1.0000     0.3364     0.8745     0.8745     0.0000
 47   0     7.9991     8.0000     0.0009     2.3068     2.3066     0.0002
 48   0     8.0581     8.0000    -0.0581     2.3599     2.3598     0.0001
 49   0     7.0519     7.0000    -0.0519     4.4558     4.4534     0.0024
      Bond orders larger than 0.1000000
           Atom A     A.N. of A          Atom B    A.N. of B              Bond order
                0             6               1            1                0.522642
                0             6               2            6                2.632791
                0             6               3            1                0.355348
                0             6               4            6               -0.252891
                0             6               6            6                1.466557
                0             6               7            6                1.136873
                0             6               8            6                0.247239
                0             6               9            6               -0.128920
                0             6              10            1                0.430989
                0             6              13            6               -0.394037
                0             6              17            8               -0.211039
                0             6              22            6                0.103871
                0             6              26            6               -0.351911
                0             6              27            8               -0.204514
                0             6              28            6               -0.128207
                0             6              44            6                0.368627
                0             6              47            8               -0.159555
                0             6              48            8                0.236389
                1             1               2            6                0.130700
                1             1               7            6                0.187811
                2             6               3            1                0.620315
                2             6               4            6                1.578810
                2             6               5            8               -0.340479
                2             6               6            6                0.211135
                2             6               7            6               -0.260255
                2             6               8            6                0.568796
                2             6              24            6                0.632086
                2             6              26            6               -0.115615
                2             6              27            8               -0.109524
                2             6              33            6               -0.144623
                2             6              44            6                0.151062
                2             6              49            7                0.221571
                3             1               4            6               -0.105523
                4             6               5            8                2.698313
                4             6               6            6                0.120260
                4             6               7            6               -0.124075
                4             6               8            6               -0.163012
                4             6              11            6                0.185400
                4             6              22            6               -0.117849
                4             6              24            6               -0.116803
                4             6              26            6                0.553997
                4             6              28            6               -0.100372
                4             6              44            6                0.325942
                5             8              22            6               -0.158769
                5             8              24            6               -0.108288
                5             8              28            6                0.104255
                5             8              44            6               -0.234028
                6             6               7            6                0.230623
                6             6               9            6               -0.208484
                6             6              10            1               -0.549741
                6             6              12            1               -0.197262
                6             6              17            8                0.214940
                6             6              24            6               -0.181838
                6             6              26            6                0.159167
                6             6              27            8                0.208052
                6             6              44            6               -0.397375
                6             6              47            8                0.140814
                6             6              48            8                0.200300
                7             6               8            6               -0.446492
                7             6               9            6                1.229114
                7             6              10            1                1.025390
                7             6              11            6                0.438376
                7             6              13            6                0.212371
                7             6              48            8               -0.139946
                8             6               9            6                0.107647
                8             6              11            6                0.667005
                8             6              12            1                1.176581
                8             6              18            6                0.692428
                8             6              19            1                0.425984
                8             6              21            1               -0.101320
                8             6              24            6                0.107383
                8             6              26            6               -0.105896
                8             6              47            8                0.210332
                8             6              48            8               -0.225466
                8             6              49            7                0.460012
                9             6              11            6                0.194652
                9             6              13            6                1.159013
                9             6              14            1                0.781707
                9             6              15            8               -0.156070
               11             6              12            1               -0.138278
               11             6              13            6                1.503049
               11             6              15            8               -0.774904
               11             6              17            8                1.597073
               11             6              18            6               -0.609087
               11             6              19            1               -0.321390
               13             6              15            8                2.044040
               13             6              16            1                0.167713
               13             6              17            8               -0.438813
               15             8              16            1                0.775432
               17             8              18            6                0.577265
               18             6              19            1                0.942734
               18             6              20            1                0.947161
               18             6              21            1                0.928232
               22             6              23            1                0.341898
               22             6              24            6                2.534672
               22             6              25            1                0.308290
               22             6              28            6                0.835419
               22             6              29            6                0.746171
               22             6              30            6               -1.168331
               22             6              31            6               -0.148215
               22             6              32            1                0.419415
               22             6              33            6                0.886177
               22             6              35            6               -1.105166
               22             6              44            6                0.266552
               23             1              28            6                0.274514
               23             1              29            6                0.258516
               23             1              30            6               -0.155156
               24             6              25            1                0.651690
               24             6              26            6                1.477962
               24             6              27            8               -0.473702
               24             6              29            6               -0.403432
               24             6              30            6                0.626717
               24             6              33            6                0.241480
               24             6              44            6                0.358300
               25             1              28            6               -0.129945
               25             1              30            6                0.122297
               26             6              27            8                2.727090
               26             6              44            6                0.289723
               27             8              44            6               -0.189036
               28             6              29            6                0.909894
               28             6              30            6                2.200153
               28             6              31            6               -0.146083
               28             6              32            1               -0.422986
               28             6              33            6               -1.215343
               28             6              34            1               -0.100903
               28             6              35            6                0.762358
               28             6              39            8                0.162830
               28             6              44            6               -0.244635
               29             6              30            6               -0.337475
               29             6              31            6                1.338225
               29             6              32            1                0.903723
               29             6              33            6                0.227741
               29             6              35            6                0.126302
               29             6              44            6               -0.107301
               30             6              31            6                0.309005
               30             6              33            6                1.495129
               30             6              34            1                0.867602
               30             6              35            6                0.680960
               30             6              39            8               -0.317995
               30             6              40            6                1.011887
               30             6              41            1                0.495594
               31             6              35            6                1.283757
               31             6              36            1                0.781960
               33             6              35            6                0.831519
               33             6              37            8               -0.703599
               33             6              39            8                1.734527
               33             6              40            6               -0.983083
               33             6              41            1               -0.512932
               35             6              37            8                1.934888
               35             6              38            1                0.164088
               35             6              39            8               -0.492541
               37             8              38            1                0.777221
               39             8              40            6                0.644482
               40             6              41            1                0.936914
               40             6              42            1                0.946344
               40             6              43            1                0.937059
               44             6              45            1                0.854270
               44             6              46            1                0.810167
               47             8              48            8                0.150486
               47             8              49            7                2.036112
               48             8              49            7                2.021668
# -----------------------------------------------------------
$ SCF_Electric_Properties
   description: The SCF Calculated Electric Properties
   geom. index: 2
   prop. index: 1
       Filename                          : CURCUMIN-OPT-FREQ-Reag-1-wB97XM-V-6-311+G-D-298-cont.scfp 
       Do Dipole Moment Calculation      : true 
       Do Quadrupole Moment Calculation  : false 
       Do Polarizability Calculation     : false 
** Dipole moment part of electric properties **
        Magnitude of dipole moment (Debye) :        6.0436801012
        Electronic Contribution:
                  0    
      0       6.210145
      1      -1.761935
      2      -1.376350
        Nuclear Contribution:
                  0    
      0      -4.869572
      1       2.940434
      2       2.947193
        Total Dipole moment:
                  0    
      0       1.340572
      1       1.178500
      2       1.570843
# -----------------------------------------------------------
$ SCF_Energy
   description: The SCF energy
   geom. index: 3
   prop. index: 1
        SCF Energy:    -1468.5377427658
# -----------------------------------------------------------
$ DFT_Energy
   description: The DFT energy
   geom. index: 3
   prop. index: 1
   Number of Alpha Electrons                109.0000088202 
   Number of Beta  Electrons                108.0000087740 
   Total number of  Electrons               217.0000175942 
   Exchange energy                         -140.2936650411 
   Correlation energy                         0.0000000000 
   Correlation energy NL                      0.8158111740 
   Exchange-Correlation energy             -139.4778538671 
   Embedding correction                       0.0000000000 
   Total DFT Energy (No VdW correction)   -1468.5377427658 
# -----------------------------------------------------------
$ Solvation_Details
   description: Details concerning solvation
   geom. index: 3
   prop. index: 1
     Epsilon:                7.0000000000
     Refrac:                 1.8534100000
     RSolv:                  1.3000000000
     Surface Type:                      2
     Number of Points:               2648
     Surface Area:        1628.4948023350
     Dielectric Energy:     -0.0491402044
# -----------------------------------------------------------
$ THERMOCHEMISTRY_Energies
   description: The Thermochemistry energies
   geom. index: 3
   prop. index: 1
        Temperature (Kelvin)           :        298.1500000000
        Pressure (atm)                 :          1.0000000000
        Total Mass (AMU)               :        414.3900000000
        Spin Degeneracy                :          2.0000000000
        Electronic Energy (Hartree)    :      -1468.5377427658
        Translational Energy (Hartree) :          0.0014162714
        Rotational Energy (Hartree)    :          0.0014162714
        Vibrational Energy (Hartree)   :          0.0267265336
        Number of frequencies          :     150      
        Scaling Factor for frequencies :          1.0000000000
        Vibrational frequencies        :     
                  0    
      0       0.000000
      1       0.000000
      2       0.000000
      3       0.000000
      4       0.000000
      5       0.000000
      6      10.041415
      7      21.902201
      8      24.181996
      9      30.413202
     10      39.959381
     11      45.035620
     12      51.892888
     13      61.421592
     14      64.869566
     15      71.721186
     16      80.071785
     17     100.723000
     18     115.812565
     19     125.794253
     20     135.062843
     21     144.417622
     22     155.109175
     23     159.692701
     24     171.703380
     25     176.793677
     26     198.255061
     27     224.173860
     28     234.514850
     29     241.666336
     30     264.668140
     31     288.938606
     32     303.760581
     33     312.797058
     34     317.046248
     35     318.654641
     36     341.981302
     37     376.929617
     38     388.642162
     39     389.717859
     40     401.672499
     41     425.046094
     42     434.331651
     43     449.163744
     44     456.810103
     45     474.635416
     46     499.545414
     47     526.014889
     48     535.962232
     49     555.014695
     50     574.936213
     51     581.419985
     52     589.179151
     53     606.143703
     54     612.969265
     55     632.296034
     56     656.972312
     57     716.926652
     58     723.053592
     59     753.224709
     60     754.752791
     61     771.926421
     62     775.567798
     63     789.452782
     64     818.139630
     65     833.060388
     66     847.829552
     67     857.683230
     68     874.310648
     69     881.040428
     70     883.745184
     71     917.042579
     72     924.341630
     73     934.514169
     74     957.101972
     75     963.959896
     76     969.222641
     77     986.889394
     78     1005.511534
     79     1018.711770
     80     1037.405887
     81     1055.575724
     82     1095.100097
     83     1108.326218
     84     1137.919123
     85     1143.606129
     86     1173.130607
     87     1177.168196
     88     1186.298810
     89     1201.771694
     90     1201.901097
     91     1219.460468
     92     1224.177727
     93     1243.049324
     94     1257.681682
     95     1264.087332
     96     1270.741708
     97     1273.473463
     98     1285.239001
     99     1294.064386
    100     1302.930025
    101     1307.975546
    102     1312.363277
    103     1319.588535
    104     1338.110925
    105     1342.693141
    106     1357.392411
    107     1368.963321
    108     1380.390599
    109     1383.830330
    110     1433.678956
    111     1452.943966
    112     1464.680312
    113     1470.621346
    114     1478.459730
    115     1480.495955
    116     1483.756012
    117     1493.410000
    118     1495.045474
    119     1495.929501
    120     1555.017077
    121     1557.213840
    122     1635.414459
    123     1637.705042
    124     1662.152273
    125     1663.916931
    126     1674.755551
    127     1706.887171
    128     1712.097507
    129     1735.909725
    130     3045.138961
    131     3059.730119
    132     3090.954973
    133     3097.035488
    134     3120.805202
    135     3144.716586
    136     3145.946800
    137     3165.666791
    138     3180.204286
    139     3181.439456
    140     3183.013265
    141     3186.910660
    142     3187.241033
    143     3191.730873
    144     3193.240173
    145     3198.346544
    146     3205.599933
    147     3206.075639
    148     3798.323458
    149     3798.481903
        Zero Point Energy (Hartree)    :          0.3824897623
        Inner Energy (Hartree)         :      -1468.1256939271
        Enthalpy (Hartree)             :      -1468.1247497181
        Electronic entropy             :          0.0006544564
        Rotational entropy             :          0.0176487773
        Vibrational entropy            :          0.0489915249
        Translational entropy          :          0.0176487773
        Entropy                        :          0.0881794251
        Gibbs Energy (Hartree)         :      -1468.2129291432
        Is Linear                      :                 false
# -------------------------------------------------------------
----------------------- !GEOMETRIES! ------------------------
# -------------------------------------------------------------
------------------------ !GEOMETRY! -------------------------
    Number of atoms:    50 
    Geometry Index:     1 
    Coordinates:
               0 C      2.042829000000    1.106421000000    1.258576000000
               1 H      1.761836000000    2.141701000000    1.431540000000
               2 C      1.305268000000    0.114726000000    1.809220000000
               3 H      1.565933000000   -0.933555000000    1.693875000000
               4 C      0.114112000000    0.346204000000    2.637719000000
               5 O     -0.415988000000   -0.584852000000    3.225830000000
               6 C      3.203166000000    0.925234000000    0.430263000000
               7 C      3.912121000000    2.016970000000   -0.034098000000
               8 C      3.635262000000   -0.451441000000    0.032054000000
               9 C      5.046062000000    1.880193000000   -0.832275000000
              10 H      3.577597000000    3.012575000000    0.239418000000
              11 C      4.908075000000   -0.528316000000   -0.738636000000
              12 H      3.659066000000   -1.153739000000    0.869316000000
              13 C      5.543506000000    0.594535000000   -1.178804000000
              14 H      5.569499000000    2.760681000000   -1.190807000000
              15 O      6.661168000000    0.443164000000   -1.939844000000
              16 H      7.042442000000    1.300968000000   -2.164049000000
              17 O      5.305886000000   -1.791580000000   -1.045738000000
              18 C      6.562847000000   -2.200105000000   -0.471667000000
              19 H      6.512263000000   -2.129179000000    0.617387000000
              20 H      6.704296000000   -3.236716000000   -0.768228000000
              21 H      7.377647000000   -1.585716000000   -0.853236000000
              22 C     -2.812924000000    0.679233000000    1.261490000000
              23 H     -2.557944000000    0.306133000000    2.250256000000
              24 C     -2.085980000000    1.676104000000    0.730942000000
              25 H     -2.302966000000    2.087247000000   -0.250832000000
              26 C     -0.952962000000    2.314323000000    1.414348000000
              27 O     -0.398528000000    3.284363000000    0.918645000000
              28 C     -3.954253000000    0.005835000000    0.636923000000
              29 C     -4.546968000000   -1.069998000000    1.302449000000
              30 C     -4.479223000000    0.392326000000   -0.605328000000
              31 C     -5.622639000000   -1.752123000000    0.746740000000
              32 H     -4.157334000000   -1.384293000000    2.265777000000
              33 C     -5.548883000000   -0.277793000000   -1.165001000000
              34 H     -4.062042000000    1.223833000000   -1.163655000000
              35 C     -6.128211000000   -1.365604000000   -0.489679000000
              36 H     -6.069807000000   -2.594283000000    1.267222000000
              37 O     -7.165938000000   -1.992671000000   -1.101114000000
              38 H     -7.489804000000   -2.721141000000   -0.556353000000
              39 O     -6.015259000000    0.089955000000   -2.404062000000
              40 C     -7.241728000000    0.830333000000   -2.351467000000
              41 H     -7.094913000000    1.763735000000   -1.800606000000
              42 H     -7.513762000000    1.051035000000   -3.381792000000
              43 H     -8.031406000000    0.241200000000   -1.880721000000
              44 C     -0.461916000000    1.754489000000    2.748182000000
              45 H     -1.281238000000    1.716536000000    3.468197000000
              46 H      0.297210000000    2.440701000000    3.129027000000
              47 O      2.118650000000   -2.177752000000   -0.601796000000
              48 O      2.177484000000   -0.422676000000   -1.850605000000
              49 N      2.531964000000   -1.074233000000   -0.890196000000
------------------------ !GEOMETRY! -------------------------
    Number of atoms:    50 
    Geometry Index:     2 
    Coordinates:
               0 C      2.043159886948    1.107153259060    1.259577003140
               1 H      1.762047675943    2.142477425325    1.432131739192
               2 C      1.305628196143    0.115538901620    1.810342806389
               3 H      1.566287483570   -0.932738839399    1.694980506089
               4 C      0.114154421684    0.346767523867    2.638404059604
               5 O     -0.416828510402   -0.584657911812    3.225123703588
               6 C      3.203457246669    0.925705005103    0.431119790099
               7 C      3.912960316644    2.017175757962   -0.032962117232
               8 C      3.634700395812   -0.451155243257    0.032278577527
               9 C      5.046809610723    1.879956620675   -0.831200182390
              10 H      3.578942627292    3.012892597785    0.240755330160
              11 C      4.907508787608   -0.528473292355   -0.738324641724
              12 H      3.658180835522   -1.153894616078    0.869158986486
              13 C      5.543547465718    0.594152334838   -1.178132274520
              14 H      5.570765526680    2.760193157678   -1.189616829941
              15 O      6.660866995138    0.442283774575   -1.939635631383
              16 H      7.043501206929    1.299874576567   -2.162335056021
              17 O      5.304331846817   -1.791977500324   -1.045907261437
              18 C      6.562458632802   -2.200791847952   -0.474591691971
              19 H      6.514579700997   -2.128860430971    0.614517114535
              20 H      6.702463919789   -3.237759438213   -0.770607576900
              21 H      7.376733676489   -1.587314195870   -0.858691695337
              22 C     -2.813267930978    0.679634280209    1.262091785019
              23 H     -2.558399006165    0.306623512749    2.250928214430
              24 C     -2.086205344792    1.676381022437    0.731512133764
              25 H     -2.303012649786    2.087349912058   -0.250383379271
              26 C     -0.952921792777    2.314388432237    1.414640240491
              27 O     -0.398212575141    3.284163541603    0.918738751677
              28 C     -3.954316725957    0.005962976435    0.637360769758
              29 C     -4.547427241321   -1.069499454690    1.303146947312
              30 C     -4.478746968386    0.391769899291   -0.605328637232
              31 C     -5.622921265984   -1.751798784811    0.747349657744
              32 H     -4.158240953288   -1.383338792835    2.266809931646
              33 C     -5.548333013514   -0.278412829317   -1.165064013029
              34 H     -4.061298745336    1.222955554524   -1.163948509030
              35 C     -6.128023440306   -1.365849766198   -0.489448502977
              36 H     -6.070413138639   -2.593640915314    1.268068707488
              37 O     -7.165628090404   -1.993098212792   -1.100923725451
              38 H     -7.489387923086   -2.721592560319   -0.556128204913
              39 O     -6.014135089409    0.088839432789   -2.404459586535
              40 C     -7.240826290437    0.828921875124   -2.352960235558
              41 H     -7.094538976792    1.762623261435   -1.802471350806
              42 H     -7.512240036717    1.049043902250   -3.383573956258
              43 H     -8.030655077973    0.239805405151   -1.882456856518
              44 C     -0.462123828555    1.754941358734    2.748754626324
              45 H     -1.281570048181    1.716830152418    3.468611095158
              46 H      0.296758111187    2.441425171594    3.129554187068
              47 O      2.115838625496   -2.175366671552   -0.601666621446
              48 O      2.176739433253   -0.420135789359   -1.850167174661
              49 N      2.530825038473   -1.072486532679   -0.890163952146
------------------------ !GEOMETRY! -------------------------
    Number of atoms:    50 
    Geometry Index:     3 
    Coordinates:
               0 C      2.043159886948    1.107153259060    1.259577003140
               1 H      1.762047675943    2.142477425325    1.432131739192
               2 C      1.305628196143    0.115538901620    1.810342806389
               3 H      1.566287483570   -0.932738839399    1.694980506089
               4 C      0.114154421684    0.346767523867    2.638404059604
               5 O     -0.416828510402   -0.584657911812    3.225123703588
               6 C      3.203457246669    0.925705005103    0.431119790099
               7 C      3.912960316644    2.017175757962   -0.032962117232
               8 C      3.634700395812   -0.451155243257    0.032278577527
               9 C      5.046809610723    1.879956620675   -0.831200182390
              10 H      3.578942627292    3.012892597785    0.240755330160
              11 C      4.907508787608   -0.528473292355   -0.738324641724
              12 H      3.658180835522   -1.153894616078    0.869158986486
              13 C      5.543547465718    0.594152334838   -1.178132274520
              14 H      5.570765526680    2.760193157678   -1.189616829941
              15 O      6.660866995138    0.442283774575   -1.939635631383
              16 H      7.043501206929    1.299874576567   -2.162335056021
              17 O      5.304331846817   -1.791977500324   -1.045907261437
              18 C      6.562458632802   -2.200791847952   -0.474591691971
              19 H      6.514579700997   -2.128860430971    0.614517114535
              20 H      6.702463919789   -3.237759438213   -0.770607576900
              21 H      7.376733676489   -1.587314195870   -0.858691695337
              22 C     -2.813267930978    0.679634280209    1.262091785019
              23 H     -2.558399006165    0.306623512749    2.250928214430
              24 C     -2.086205344792    1.676381022437    0.731512133764
              25 H     -2.303012649786    2.087349912058   -0.250383379271
              26 C     -0.952921792777    2.314388432237    1.414640240491
              27 O     -0.398212575141    3.284163541603    0.918738751677
              28 C     -3.954316725957    0.005962976435    0.637360769758
              29 C     -4.547427241321   -1.069499454690    1.303146947312
              30 C     -4.478746968386    0.391769899291   -0.605328637232
              31 C     -5.622921265984   -1.751798784811    0.747349657744
              32 H     -4.158240953288   -1.383338792835    2.266809931646
              33 C     -5.548333013514   -0.278412829317   -1.165064013029
              34 H     -4.061298745336    1.222955554524   -1.163948509030
              35 C     -6.128023440306   -1.365849766198   -0.489448502977
              36 H     -6.070413138639   -2.593640915314    1.268068707488
              37 O     -7.165628090404   -1.993098212792   -1.100923725451
              38 H     -7.489387923086   -2.721592560319   -0.556128204913
              39 O     -6.014135089409    0.088839432789   -2.404459586535
              40 C     -7.240826290437    0.828921875124   -2.352960235558
              41 H     -7.094538976792    1.762623261435   -1.802471350806
              42 H     -7.512240036717    1.049043902250   -3.383573956258
              43 H     -8.030655077973    0.239805405151   -1.882456856518
              44 C     -0.462123828555    1.754941358734    2.748754626324
              45 H     -1.281570048181    1.716830152418    3.468611095158
              46 H      0.296758111187    2.441425171594    3.129554187068
              47 O      2.115838625496   -2.175366671552   -0.601666621446
              48 O      2.176739433253   -0.420135789359   -1.850167174661
              49 N      2.530825038473   -1.072486532679   -0.890163952146
